var bv = new Float32Array([
5, -0, -2.5, 
3.75, -0, -3.75, 
3.75, -0, -2.5, 
5, 0, 2.5, 
3.75, 0, 1.25, 
3.75, 0, 2.5, 
2.5, 0, 5, 
1.25, 0, 3.75, 
1.25, 0, 5, 
5, 0, 5, 
3.75, 0, 3.75, 
3.75, 0, 5, 
-2.5, 0, 5, 
-3.75, 0, 3.75, 
-3.75, 0, 5, 
0, 0, 5, 
-1.25, 0, 3.75, 
-1.25, 0, 5, 
0, 0, 0, 
-1.25, -0, -1.25, 
-1.25, 0, 0, 
5, 0, 0, 
3.75, -0, -1.25, 
3.75, 0, 0, 
5, -0, -2.5, 
5, -0, -3.75, 
3.75, -0, -3.75, 
5, 0, 2.5, 
5, 0, 1.25, 
3.75, 0, 1.25, 
2.5, 0, 5, 
2.5, 0, 3.75, 
1.25, 0, 3.75, 
5, 0, 5, 
5, 0, 3.75, 
3.75, 0, 3.75, 
-2.5, 0, 5, 
-2.5, 0, 3.75, 
-3.75, 0, 3.75, 
0, 0, 5, 
0, 0, 3.75, 
-1.25, 0, 3.75, 
0, 0, 0, 
0, -0, -1.25, 
-1.25, -0, -1.25, 
5, 0, 0, 
5, -0, -1.25, 
3.75, -0, -1.25, 
3.75, -0, -1.25, 
5, -0, -1.25, 
3.75, -0, -2.5, 
5, -0, -1.25, 
5, -0, -2.5, 
3.75, -0, -2.5, 
1.25, -0, -3.75, 
1.25, -0, -5, 
0, -0, -5, 
1.25, -0, -3.75, 
2.5, -0, -3.75, 
1.25, -0, -5, 
2.5, -0, -3.75, 
2.5, -0, -5, 
1.25, -0, -5, 
-3.75, -0, -1.25, 
-3.75, -0, -2.5, 
-5, -0, -2.5, 
-3.75, -0, -3.75, 
-3.75, -0, -5, 
-5, -0, -5, 
-3.75, -0, -3.75, 
-2.5, -0, -3.75, 
-3.75, -0, -5, 
-2.5, -0, -3.75, 
-2.5, -0, -5, 
-3.75, -0, -5, 
-3.75, 0, 3.75, 
-3.75, 0, 2.5, 
-5, 0, 2.5, 
-3.75, 0, 1.25, 
-3.75, 0, 0, 
-5, 0, 0, 
-3.75, 0, 2.5, 
-3.75, 3.17801, 1.25, 
-3.75, 0, 1.25, 
3.75, 0, 3.75, 
5, 0, 3.75, 
3.75, 0, 2.5, 
5, 0, 3.75, 
5, 0, 2.5, 
3.75, 0, 2.5, 
0, 0, 3.75, 
-1.25, 3.17801, 3.75, 
-1.25, 0, 3.75, 
3.75, 0, 1.25, 
3.75, 3.17801, 2.5, 
3.75, 0, 2.5, 
-1.25, -0, -1.25, 
-1.25, 3.17801, -0, 
-1.25, 0, 0, 
1.25, 0, 1.25, 
1.25, 0, 0, 
0, 0, 0, 
2.5, 0, 3.75, 
1.25, 3.17801, 3.75, 
1.25, 0, 3.75, 
-1.25, -0, -3.75, 
0, 3.17801, -3.75, 
0, -0, -3.75, 
-3.75, -0, -3.75, 
-2.5, 3.17801, -3.75, 
-2.5, -0, -3.75, 
3.75, 0, 1.25, 
5, 0, 1.25, 
3.75, 0, 0, 
5, 0, 1.25, 
5, 0, 0, 
3.75, 0, 0, 
0, 0, 1.25, 
1.25, 3.17801, 1.25, 
1.25, 0, 1.25, 
-1.25, 0, 1.25, 
0, 0, 1.25, 
-1.25, 0, 0, 
0, 0, 1.25, 
0, 0, 0, 
-1.25, 0, 0, 
-1.25, -0, -3.75, 
-1.25, -0, -5, 
-2.5, -0, -5, 
-1.25, -0, -3.75, 
0, -0, -3.75, 
-1.25, -0, -5, 
0, -0, -3.75, 
0, -0, -5, 
-1.25, -0, -5, 
3.75, -0, -3.75, 
3.75, -0, -5, 
2.5, -0, -5, 
3.75, -0, -3.75, 
5, -0, -3.75, 
3.75, -0, -5, 
5, -0, -3.75, 
5, -0, -5, 
3.75, -0, -5, 
0, -0, -3.75, 
1.25, 3.17801, -3.75, 
1.25, -0, -3.75, 
2.5, -0, -3.75, 
3.75, 3.17801, -3.75, 
3.75, -0, -3.75, 
-1.25, 0, 3.75, 
-2.5, 3.17801, 3.75, 
-2.5, 0, 3.75, 
1.25, 0, 0, 
0, -0, -1.25, 
0, 0, 0, 
1.25, 0, 0, 
1.25, -0, -1.25, 
0, -0, -1.25, 
3.75, 0, 2.5, 
3.75, 3.17801, 3.75, 
3.75, 0, 3.75, 
3.75, -0, -3.75, 
3.75, 3.17801, -2.5, 
3.75, -0, -2.5, 
3.75, -0, -2.5, 
3.75, 3.17801, -1.25, 
3.75, -0, -1.25, 
1.25, -0, -3.75, 
0, -0, -5, 
0, -0, -3.75, 
-1.25, 0, 1.25, 
0, 3.17801, 1.25, 
0, 0, 1.25, 
1.25, 0, 3.75, 
0, 3.17801, 3.75, 
0, 0, 3.75, 
1.25, -0, -1.25, 
0, 3.17801, -1.25, 
0, -0, -1.25, 
-3.75, 0, 0, 
-5, -0, -1.25, 
-5, 0, 0, 
-3.75, 0, 0, 
-3.75, -0, -1.25, 
-5, -0, -1.25, 
-3.75, -0, -1.25, 
-5, -0, -2.5, 
-5, -0, -1.25, 
-3.75, -0, -2.5, 
-5, -0, -3.75, 
-5, -0, -2.5, 
-3.75, -0, -2.5, 
-3.75, -0, -3.75, 
-5, -0, -3.75, 
-3.75, -0, -3.75, 
-5, -0, -5, 
-5, -0, -3.75, 
-1.25, 0, 5, 
-2.5, 0, 3.75, 
-2.5, 0, 5, 
-1.25, 0, 5, 
-1.25, 0, 3.75, 
-2.5, 0, 3.75, 
-1.25, 0, 0, 
-1.25, 3.17801, 1.25, 
-1.25, 0, 1.25, 
-3.75, 0, 5, 
-5, 0, 3.75, 
-5, 0, 5, 
-3.75, 0, 5, 
-3.75, 0, 3.75, 
-5, 0, 3.75, 
-3.75, 0, 3.75, 
-5, 0, 2.5, 
-5, 0, 3.75, 
-3.75, 0, 2.5, 
-5, 0, 1.25, 
-5, 0, 2.5, 
-3.75, 0, 2.5, 
-3.75, 0, 1.25, 
-5, 0, 1.25, 
-3.75, 0, 1.25, 
-5, 0, 0, 
-5, 0, 1.25, 
3.75, 0, 5, 
2.5, 0, 3.75, 
2.5, 0, 5, 
3.75, 0, 5, 
3.75, 0, 3.75, 
2.5, 0, 3.75, 
-3.75, -0, -1.25, 
-3.75, 3.17801, -2.5, 
-3.75, -0, -2.5, 
1.25, 0, 5, 
0, 0, 3.75, 
0, 0, 5, 
1.25, 0, 5, 
1.25, 0, 3.75, 
0, 0, 3.75, 
1.25, 0, 0, 
1.25, 3.17801, -1.25, 
1.25, -0, -1.25, 
-2.5, -0, -3.75, 
-1.25, 3.17801, -3.75, 
-1.25, -0, -3.75, 
-3.75, 0, 1.25, 
-3.75, 3.17801, -0, 
-3.75, 0, 0, 
1.25, 0, 1.25, 
0, 0, 0, 
0, 0, 1.25, 
-3.75, -0, -2.5, 
-3.75, 3.17801, -3.75, 
-3.75, -0, -3.75, 
0, -0, -1.25, 
-1.25, 3.17801, -1.25, 
-1.25, -0, -1.25, 
3.75, 0, 3.75, 
2.5, 3.17801, 3.75, 
2.5, 0, 3.75, 
3.75, 0, 0, 
3.75, 3.17801, 1.25, 
3.75, 0, 1.25, 
3.75, -0, -1.25, 
3.75, 3.17801, -0, 
3.75, 0, 0, 
-2.5, 0, 3.75, 
-3.75, 3.17801, 3.75, 
-3.75, 0, 3.75, 
-3.75, 0, 3.75, 
-3.75, 3.17801, 2.5, 
-3.75, 0, 2.5, 
-3.75, 0, 0, 
-3.75, 3.17801, -1.25, 
-3.75, -0, -1.25, 
-1.25, -0, -3.75, 
-2.5, -0, -5, 
-2.5, -0, -3.75, 
1.25, -0, -3.75, 
2.5, 3.17801, -3.75, 
2.5, -0, -3.75, 
1.25, 0, 1.25, 
1.25, 3.17801, -0, 
1.25, 0, 0, 
3.75, -0, -3.75, 
2.5, -0, -5, 
2.5, -0, -3.75, 
0, 4.566, -2.5, 
-1.25, 3.17801, -3.75, 
-1.25, 4.566, -2.5, 
0, 4.566, 2.5, 
-1.25, 3.17801, 1.25, 
-1.25, 4.566, 2.5, 
2.5, 4.566, 2.5, 
1.25, 3.17801, 1.25, 
1.25, 4.566, 2.5, 
-2.5, 4.566, 2.5, 
-3.75, 3.17801, 1.25, 
-3.75, 3.17801, 2.5, 
-2.5, 4.566, -2.5, 
-3.75, 3.17801, -3.75, 
-3.75, 3.17801, -2.5, 
-2.5, 4.566, -0, 
-3.75, 3.17801, -1.25, 
-3.75, 3.17801, -0, 
2.5, 4.566, -2.5, 
1.25, 3.17801, -3.75, 
1.25, 4.566, -2.5, 
2.5, 4.566, -0, 
1.25, 3.17801, -1.25, 
1.25, 3.17801, -0, 
0, 4.566, -2.5, 
0, 3.17801, -3.75, 
-1.25, 3.17801, -3.75, 
0, 4.566, 2.5, 
0, 3.17801, 1.25, 
-1.25, 3.17801, 1.25, 
2.5, 4.566, 2.5, 
2.5, 4.566, 1.25, 
1.25, 3.17801, 1.25, 
-2.5, 4.566, 2.5, 
-2.5, 4.566, 1.25, 
-3.75, 3.17801, 1.25, 
-2.5, 4.566, -2.5, 
-2.5, 3.17801, -3.75, 
-3.75, 3.17801, -3.75, 
-2.5, 4.566, -0, 
-2.5, 4.566, -1.25, 
-3.75, 3.17801, -1.25, 
2.5, 4.566, -2.5, 
2.5, 3.17801, -3.75, 
1.25, 3.17801, -3.75, 
2.5, 4.566, -0, 
2.5, 4.566, -1.25, 
1.25, 3.17801, -1.25, 
3.75, 3.17801, -1.25, 
3.75, 3.17801, -2.5, 
2.5, 4.566, -2.5, 
1.25, 3.17801, -1.25, 
1.25, 4.566, -2.5, 
0, 4.566, -2.5, 
1.25, 3.17801, -1.25, 
2.5, 4.566, -1.25, 
1.25, 4.566, -2.5, 
2.5, 4.566, -1.25, 
2.5, 4.566, -2.5, 
1.25, 4.566, -2.5, 
-1.25, 3.17801, -1.25, 
-1.25, 4.566, -2.5, 
-2.5, 4.566, -2.5, 
-1.25, 3.17801, -1.25, 
0, 3.17801, -1.25, 
-1.25, 4.566, -2.5, 
0, 3.17801, -1.25, 
0, 4.566, -2.5, 
-1.25, 4.566, -2.5, 
-3.75, 3.17801, -1.25, 
-2.5, 4.566, -1.25, 
-3.75, 3.17801, -2.5, 
-2.5, 4.566, -1.25, 
-2.5, 4.566, -2.5, 
-3.75, 3.17801, -2.5, 
-1.25, 3.17801, 3.75, 
-1.25, 4.566, 2.5, 
-2.5, 4.566, 2.5, 
-1.25, 3.17801, 3.75, 
0, 3.17801, 3.75, 
-1.25, 4.566, 2.5, 
0, 3.17801, 3.75, 
0, 4.566, 2.5, 
-1.25, 4.566, 2.5, 
-3.75, 3.17801, 3.75, 
-2.5, 3.17801, 3.75, 
-3.75, 3.17801, 2.5, 
-2.5, 3.17801, 3.75, 
-2.5, 4.566, 2.5, 
-3.75, 3.17801, 2.5, 
-3.75, 3.17801, 1.25, 
-2.5, 4.566, 1.25, 
-3.75, 3.17801, -0, 
-2.5, 4.566, 1.25, 
-2.5, 4.566, -0, 
-3.75, 3.17801, -0, 
3.75, 3.17801, 3.75, 
3.75, 3.17801, 2.5, 
2.5, 4.566, 2.5, 
1.25, 3.17801, 3.75, 
1.25, 4.566, 2.5, 
0, 4.566, 2.5, 
1.25, 3.17801, 3.75, 
2.5, 3.17801, 3.75, 
1.25, 4.566, 2.5, 
2.5, 3.17801, 3.75, 
2.5, 4.566, 2.5, 
1.25, 4.566, 2.5, 
1.25, 3.17801, 1.25, 
2.5, 4.566, 1.25, 
1.25, 3.17801, -0, 
2.5, 4.566, 1.25, 
2.5, 4.566, -0, 
1.25, 3.17801, -0, 
3.75, 3.17801, 1.25, 
3.75, 3.17801, -0, 
2.5, 4.566, -0, 
-1.25, 3.17801, 1.25, 
-1.25, 3.17801, -0, 
-2.5, 4.566, -0, 
3.75, 3.17801, -0, 
2.5, 4.566, -1.25, 
2.5, 4.566, -0, 
3.75, 3.17801, -0, 
3.75, 3.17801, -1.25, 
2.5, 4.566, -1.25, 
3.75, 3.17801, -1.25, 
2.5, 4.566, -2.5, 
2.5, 4.566, -1.25, 
1.25, 3.17801, -1.25, 
0, 4.566, -2.5, 
0, 3.17801, -1.25, 
1.25, 4.566, -2.5, 
0, 3.17801, -3.75, 
0, 4.566, -2.5, 
1.25, 4.566, -2.5, 
1.25, 3.17801, -3.75, 
0, 3.17801, -3.75, 
-1.25, 3.17801, -0, 
-2.5, 4.566, -1.25, 
-2.5, 4.566, -0, 
-1.25, 3.17801, -0, 
-1.25, 3.17801, -1.25, 
-2.5, 4.566, -1.25, 
-1.25, 3.17801, -1.25, 
-2.5, 4.566, -2.5, 
-2.5, 4.566, -1.25, 
-1.25, 3.17801, 3.75, 
-2.5, 4.566, 2.5, 
-2.5, 3.17801, 3.75, 
3.75, 3.17801, 3.75, 
2.5, 4.566, 2.5, 
2.5, 3.17801, 3.75, 
1.25, 3.17801, 3.75, 
0, 4.566, 2.5, 
0, 3.17801, 3.75, 
1.25, 4.566, 2.5, 
0, 3.17801, 1.25, 
0, 4.566, 2.5, 
1.25, 4.566, 2.5, 
1.25, 3.17801, 1.25, 
0, 3.17801, 1.25, 
3.75, 3.17801, 2.5, 
2.5, 4.566, 1.25, 
2.5, 4.566, 2.5, 
3.75, 3.17801, 2.5, 
3.75, 3.17801, 1.25, 
2.5, 4.566, 1.25, 
3.75, 3.17801, 1.25, 
2.5, 4.566, -0, 
2.5, 4.566, 1.25, 
-1.25, 4.566, 2.5, 
-2.5, 4.566, 1.25, 
-2.5, 4.566, 2.5, 
-1.25, 4.566, 2.5, 
-1.25, 3.17801, 1.25, 
-2.5, 4.566, 1.25, 
-1.25, 3.17801, 1.25, 
-2.5, 4.566, -0, 
-2.5, 4.566, 1.25, 
-1.25, 4.566, -2.5, 
-2.5, 3.17801, -3.75, 
-2.5, 4.566, -2.5, 
-1.25, 4.566, -2.5, 
-1.25, 3.17801, -3.75, 
-2.5, 3.17801, -3.75, 
3.75, 3.17801, -2.5, 
2.5, 3.17801, -3.75, 
2.5, 4.566, -2.5, 
3.75, 3.17801, -2.5, 
3.75, 3.17801, -3.75, 
2.5, 3.17801, -3.75, 
-3.75, 0, 2.5, 
-3.75, 3.17801, 2.5, 
-3.75, 3.17801, 1.25, 
0, 0, 3.75, 
0, 3.17801, 3.75, 
-1.25, 3.17801, 3.75, 
3.75, 0, 1.25, 
3.75, 3.17801, 1.25, 
3.75, 3.17801, 2.5, 
-1.25, -0, -1.25, 
-1.25, 3.17801, -1.25, 
-1.25, 3.17801, -0, 
2.5, 0, 3.75, 
2.5, 3.17801, 3.75, 
1.25, 3.17801, 3.75, 
-1.25, -0, -3.75, 
-1.25, 3.17801, -3.75, 
0, 3.17801, -3.75, 
-3.75, -0, -3.75, 
-3.75, 3.17801, -3.75, 
-2.5, 3.17801, -3.75, 
0, 0, 1.25, 
0, 3.17801, 1.25, 
1.25, 3.17801, 1.25, 
0, -0, -3.75, 
0, 3.17801, -3.75, 
1.25, 3.17801, -3.75, 
2.5, -0, -3.75, 
2.5, 3.17801, -3.75, 
3.75, 3.17801, -3.75, 
-1.25, 0, 3.75, 
-1.25, 3.17801, 3.75, 
-2.5, 3.17801, 3.75, 
3.75, 0, 2.5, 
3.75, 3.17801, 2.5, 
3.75, 3.17801, 3.75, 
3.75, -0, -3.75, 
3.75, 3.17801, -3.75, 
3.75, 3.17801, -2.5, 
3.75, -0, -2.5, 
3.75, 3.17801, -2.5, 
3.75, 3.17801, -1.25, 
-1.25, 0, 1.25, 
-1.25, 3.17801, 1.25, 
0, 3.17801, 1.25, 
1.25, 0, 3.75, 
1.25, 3.17801, 3.75, 
0, 3.17801, 3.75, 
1.25, -0, -1.25, 
1.25, 3.17801, -1.25, 
0, 3.17801, -1.25, 
-1.25, 0, 0, 
-1.25, 3.17801, -0, 
-1.25, 3.17801, 1.25, 
-3.75, -0, -1.25, 
-3.75, 3.17801, -1.25, 
-3.75, 3.17801, -2.5, 
1.25, 0, 0, 
1.25, 3.17801, -0, 
1.25, 3.17801, -1.25, 
-2.5, -0, -3.75, 
-2.5, 3.17801, -3.75, 
-1.25, 3.17801, -3.75, 
-3.75, 0, 1.25, 
-3.75, 3.17801, 1.25, 
-3.75, 3.17801, -0, 
-3.75, -0, -2.5, 
-3.75, 3.17801, -2.5, 
-3.75, 3.17801, -3.75, 
0, -0, -1.25, 
0, 3.17801, -1.25, 
-1.25, 3.17801, -1.25, 
3.75, 0, 3.75, 
3.75, 3.17801, 3.75, 
2.5, 3.17801, 3.75, 
3.75, 0, 0, 
3.75, 3.17801, -0, 
3.75, 3.17801, 1.25, 
3.75, -0, -1.25, 
3.75, 3.17801, -1.25, 
3.75, 3.17801, -0, 
-2.5, 0, 3.75, 
-2.5, 3.17801, 3.75, 
-3.75, 3.17801, 3.75, 
-3.75, 0, 3.75, 
-3.75, 3.17801, 3.75, 
-3.75, 3.17801, 2.5, 
-3.75, 0, 0, 
-3.75, 3.17801, -0, 
-3.75, 3.17801, -1.25, 
1.25, -0, -3.75, 
1.25, 3.17801, -3.75, 
2.5, 3.17801, -3.75, 
1.25, 0, 1.25, 
1.25, 3.17801, 1.25, 
1.25, 3.17801, -0, 
]);
var bn = new Float32Array([
0, 1, -0, 
0.3015, 0.9045, -0.3015, 
0.7071, 0.7071, -0, 
0, 1, -0, 
0.7071, 0.7071, -0, 
0.7071, 0.7071, -0, 
0, 1, -0, 
0, 0.7071, 0.7071, 
0, 1, -0, 
0, 1, -0, 
0.3015, 0.9045, 0.3015, 
0, 1, -0, 
0, 1, -0, 
-0.3015, 0.9045, 0.3015, 
0, 1, -0, 
0, 1, -0, 
0, 0.7071, 0.7071, 
0, 1, -0, 
0, 1, -0, 
0.5774, 0.5774, 0.5774, 
0.7071, 0.7071, -0, 
0, 1, -0, 
0.7071, 0.7071, -0, 
0.7071, 0.7071, -0, 
0, 1, -0, 
0, 1, -0, 
0.3015, 0.9045, -0.3015, 
0, 1, -0, 
0, 1, -0, 
0.7071, 0.7071, -0, 
0, 1, -0, 
0, 0.7071, 0.7071, 
0, 0.7071, 0.7071, 
0, 1, -0, 
0, 1, -0, 
0.3015, 0.9045, 0.3015, 
0, 1, -0, 
0, 0.7071, 0.7071, 
-0.3015, 0.9045, 0.3015, 
0, 1, -0, 
0, 0.7071, 0.7071, 
0, 0.7071, 0.7071, 
0, 1, -0, 
0, 0.7071, 0.7071, 
0.5774, 0.5774, 0.5774, 
0, 1, -0, 
0, 1, -0, 
0.7071, 0.7071, -0, 
0.7071, 0.7071, -0, 
0, 1, -0, 
0.7071, 0.7071, -0, 
0, 1, -0, 
0, 1, -0, 
0.7071, 0.7071, -0, 
0, 0.7071, -0.7071, 
0, 1, -0, 
0, 1, -0, 
0, 0.7071, -0.7071, 
0, 0.7071, -0.7071, 
0, 1, -0, 
0, 0.7071, -0.7071, 
0, 1, -0, 
0, 1, -0, 
-0.7071, 0.7071, -0, 
-0.7071, 0.7071, -0, 
0, 1, -0, 
-0.3015, 0.9045, -0.3015, 
0, 1, -0, 
0, 1, -0, 
-0.3015, 0.9045, -0.3015, 
0, 0.7071, -0.7071, 
0, 1, -0, 
0, 0.7071, -0.7071, 
0, 1, -0, 
0, 1, -0, 
-0.3015, 0.9045, 0.3015, 
-0.7071, 0.7071, -0, 
0, 1, -0, 
-0.7071, 0.7071, -0, 
-0.7071, 0.7071, -0, 
0, 1, -0, 
-0.7071, 0.7071, -0, 
-0.9336, 0.3584, 0, 
-0.7071, 0.7071, -0, 
0.3015, 0.9045, 0.3015, 
0, 1, -0, 
0.7071, 0.7071, -0, 
0, 1, -0, 
0, 1, -0, 
0.7071, 0.7071, -0, 
0, 0.7071, 0.7071, 
0, 0.3584, 0.9336, 
0, 0.7071, 0.7071, 
0.7071, 0.7071, -0, 
0.9336, 0.3584, 0, 
0.7071, 0.7071, -0, 
0.5774, 0.5774, 0.5774, 
0.9336, 0.3584, 0, 
0.7071, 0.7071, -0, 
-0.5774, 0.5774, -0.5774, 
-0.7071, 0.7071, -0, 
0, 1, -0, 
0, 0.7071, 0.7071, 
0, 0.3584, 0.9336, 
0, 0.7071, 0.7071, 
0, 0.7071, -0.7071, 
0, 0.3584, -0.9336, 
0, 0.7071, -0.7071, 
-0.3015, 0.9045, -0.3015, 
0, 0.3584, -0.9336, 
0, 0.7071, -0.7071, 
0.7071, 0.7071, -0, 
0, 1, -0, 
0.7071, 0.7071, -0, 
0, 1, -0, 
0, 1, -0, 
0.7071, 0.7071, -0, 
0, 0.7071, -0.7071, 
-0.5946, 0.5413, -0.5946, 
-0.5774, 0.5774, -0.5774, 
0.5774, 0.5774, -0.5774, 
0, 0.7071, -0.7071, 
0.7071, 0.7071, -0, 
0, 0.7071, -0.7071, 
0, 1, -0, 
0.7071, 0.7071, -0, 
0, 0.7071, -0.7071, 
0, 1, -0, 
0, 1, -0, 
0, 0.7071, -0.7071, 
0, 0.7071, -0.7071, 
0, 1, -0, 
0, 0.7071, -0.7071, 
0, 1, -0, 
0, 1, -0, 
0.3015, 0.9045, -0.3015, 
0, 1, -0, 
0, 1, -0, 
0.3015, 0.9045, -0.3015, 
0, 1, -0, 
0, 1, -0, 
0, 1, -0, 
0, 1, -0, 
0, 1, -0, 
0, 0.7071, -0.7071, 
0, 0.3584, -0.9336, 
0, 0.7071, -0.7071, 
0, 0.7071, -0.7071, 
0.5774, 0.5774, -0.5774, 
0.3015, 0.9045, -0.3015, 
0, 0.7071, 0.7071, 
-0.1159, 0.4355, 0.8927, 
0, 0.7071, 0.7071, 
-0.7071, 0.7071, -0, 
0, 0.7071, 0.7071, 
0, 1, -0, 
-0.7071, 0.7071, -0, 
-0.5774, 0.5774, 0.5774, 
0, 0.7071, 0.7071, 
0.7071, 0.7071, -0, 
0.6557, 0.3744, 0.6557, 
0.3015, 0.9045, 0.3015, 
0.3015, 0.9045, -0.3015, 
0.8927, 0.4355, -0.1159, 
0.7071, 0.7071, -0, 
0.7071, 0.7071, -0, 
0.9336, 0.3584, 0, 
0.7071, 0.7071, -0, 
0, 0.7071, -0.7071, 
0, 1, -0, 
0, 0.7071, -0.7071, 
0.5774, 0.5774, -0.5774, 
0, 0.3584, -0.9336, 
0, 0.7071, -0.7071, 
0, 0.7071, 0.7071, 
0, 0.3584, 0.9336, 
0, 0.7071, 0.7071, 
-0.5774, 0.5774, 0.5774, 
0, 0.3584, 0.9336, 
0, 0.7071, 0.7071, 
-0.7071, 0.7071, -0, 
0, 1, -0, 
0, 1, -0, 
-0.7071, 0.7071, -0, 
-0.7071, 0.7071, -0, 
0, 1, -0, 
-0.7071, 0.7071, -0, 
0, 1, -0, 
0, 1, -0, 
-0.7071, 0.7071, -0, 
0, 1, -0, 
0, 1, -0, 
-0.7071, 0.7071, -0, 
-0.3015, 0.9045, -0.3015, 
0, 1, -0, 
-0.3015, 0.9045, -0.3015, 
0, 1, -0, 
0, 1, -0, 
0, 1, -0, 
0, 0.7071, 0.7071, 
0, 1, -0, 
0, 1, -0, 
0, 0.7071, 0.7071, 
0, 0.7071, 0.7071, 
0.7071, 0.7071, -0, 
0.6171, 0.4883, -0.6171, 
0.5774, 0.5774, -0.5774, 
0, 1, -0, 
0, 1, -0, 
0, 1, -0, 
0, 1, -0, 
-0.3015, 0.9045, 0.3015, 
0, 1, -0, 
-0.3015, 0.9045, 0.3015, 
0, 1, -0, 
0, 1, -0, 
-0.7071, 0.7071, -0, 
0, 1, -0, 
0, 1, -0, 
-0.7071, 0.7071, -0, 
-0.7071, 0.7071, -0, 
0, 1, -0, 
-0.7071, 0.7071, -0, 
0, 1, -0, 
0, 1, -0, 
0, 1, -0, 
0, 0.7071, 0.7071, 
0, 1, -0, 
0, 1, -0, 
0.3015, 0.9045, 0.3015, 
0, 0.7071, 0.7071, 
-0.7071, 0.7071, -0, 
-0.9336, 0.3584, 0, 
-0.7071, 0.7071, -0, 
0, 1, -0, 
0, 0.7071, 0.7071, 
0, 1, -0, 
0, 1, -0, 
0, 0.7071, 0.7071, 
0, 0.7071, 0.7071, 
-0.7071, 0.7071, -0, 
-0.6171, 0.4883, 0.6171, 
-0.5774, 0.5774, 0.5774, 
0, 0.7071, -0.7071, 
0, 0.3584, -0.9336, 
0, 0.7071, -0.7071, 
-0.7071, 0.7071, -0, 
-0.9336, 0.3584, 0, 
-0.7071, 0.7071, -0, 
-0.5774, 0.5774, -0.5774, 
0, 1, -0, 
0, 0.7071, -0.7071, 
-0.7071, 0.7071, -0, 
-0.6557, 0.3744, -0.6557, 
-0.3015, 0.9045, -0.3015, 
0, 0.7071, 0.7071, 
0.5946, 0.5413, 0.5946, 
0.5774, 0.5774, 0.5774, 
0.3015, 0.9045, 0.3015, 
0, 0.3584, 0.9336, 
0, 0.7071, 0.7071, 
0.7071, 0.7071, -0, 
0.9336, 0.3584, 0, 
0.7071, 0.7071, -0, 
0.7071, 0.7071, -0, 
0.9336, 0.3584, 0, 
0.7071, 0.7071, -0, 
0, 0.7071, 0.7071, 
-0.5774, 0.5774, 0.5774, 
-0.3015, 0.9045, 0.3015, 
-0.3015, 0.9045, 0.3015, 
-0.8927, 0.4355, 0.1159, 
-0.7071, 0.7071, -0, 
-0.7071, 0.7071, -0, 
-0.9336, 0.3584, 0, 
-0.7071, 0.7071, -0, 
0, 0.7071, -0.7071, 
0, 1, -0, 
0, 0.7071, -0.7071, 
0, 0.7071, -0.7071, 
0.1159, 0.4355, -0.8927, 
0, 0.7071, -0.7071, 
-0.5774, 0.5774, -0.5774, 
-0.9336, 0.3584, 0, 
-0.7071, 0.7071, -0, 
0.3015, 0.9045, -0.3015, 
0, 1, -0, 
0, 0.7071, -0.7071, 
0, 1, -0, 
0, 0.3584, -0.9336, 
0, 1, -0, 
0, 1, -0, 
0.6171, 0.4883, -0.6171, 
0.14, 0.9836, 0.1141, 
0.1999, 0.9592, 0.1999, 
-0.5946, 0.5413, -0.5946, 
0, 1, -0, 
-0.3596, 0.861, 0.3596, 
-0.9336, 0.3584, 0, 
-0.8927, 0.4355, 0.1159, 
-0.1999, 0.9592, -0.1999, 
-0.6557, 0.3744, -0.6557, 
-0.9336, 0.3584, 0, 
0, 1, -0, 
-0.9336, 0.3584, 0, 
-0.9336, 0.3584, 0, 
0.3596, 0.861, -0.3596, 
0, 0.3584, -0.9336, 
-0.14, 0.9836, -0.1141, 
0, 1, -0, 
-0.6171, 0.4883, 0.6171, 
-0.9336, 0.3584, 0, 
0, 1, -0, 
0, 0.3584, -0.9336, 
0, 0.3584, -0.9336, 
0, 1, -0, 
0, 0.3584, -0.9336, 
0.6171, 0.4883, -0.6171, 
0.1999, 0.9592, 0.1999, 
0, 1, -0, 
-0.5946, 0.5413, -0.5946, 
-0.3596, 0.861, 0.3596, 
-0.1141, 0.9836, -0.14, 
-0.9336, 0.3584, 0, 
-0.1999, 0.9592, -0.1999, 
0, 0.3584, -0.9336, 
-0.6557, 0.3744, -0.6557, 
0, 1, -0, 
0, 1, -0, 
-0.9336, 0.3584, 0, 
0.3596, 0.861, -0.3596, 
0.1159, 0.4355, -0.8927, 
0, 0.3584, -0.9336, 
0, 1, -0, 
0.1141, 0.9836, 0.14, 
-0.6171, 0.4883, 0.6171, 
0.9336, 0.3584, 0, 
0.8927, 0.4355, -0.1159, 
0.3596, 0.861, -0.3596, 
-0.6171, 0.4883, 0.6171, 
-0.14, 0.9836, -0.1141, 
0, 1, -0, 
-0.6171, 0.4883, 0.6171, 
0.1141, 0.9836, 0.14, 
-0.14, 0.9836, -0.1141, 
0.1141, 0.9836, 0.14, 
0.3596, 0.861, -0.3596, 
-0.14, 0.9836, -0.1141, 
0.5946, 0.5413, 0.5946, 
0, 1, -0, 
-0.1999, 0.9592, -0.1999, 
0.5946, 0.5413, 0.5946, 
0, 0.3584, 0.9336, 
0, 1, -0, 
0, 0.3584, 0.9336, 
0, 1, -0, 
0, 1, -0, 
-0.9336, 0.3584, 0, 
0, 1, -0, 
-0.9336, 0.3584, 0, 
0, 1, -0, 
-0.1999, 0.9592, -0.1999, 
-0.9336, 0.3584, 0, 
0, 0.3584, 0.9336, 
0.14, 0.9836, 0.1141, 
-0.3596, 0.861, 0.3596, 
0, 0.3584, 0.9336, 
0, 0.3584, 0.9336, 
0.14, 0.9836, 0.1141, 
0, 0.3584, 0.9336, 
0, 1, -0, 
0.14, 0.9836, 0.1141, 
-0.5774, 0.5774, 0.5774, 
-0.1159, 0.4355, 0.8927, 
-0.8927, 0.4355, 0.1159, 
-0.1159, 0.4355, 0.8927, 
-0.3596, 0.861, 0.3596, 
-0.8927, 0.4355, 0.1159, 
-0.9336, 0.3584, 0, 
-0.1141, 0.9836, -0.14, 
-0.9336, 0.3584, 0, 
-0.1141, 0.9836, -0.14, 
0, 1, -0, 
-0.9336, 0.3584, 0, 
0.6557, 0.3744, 0.6557, 
0.9336, 0.3584, 0, 
0.1999, 0.9592, 0.1999, 
0, 0.3584, 0.9336, 
0, 1, -0, 
0, 1, -0, 
0, 0.3584, 0.9336, 
0, 0.3584, 0.9336, 
0, 1, -0, 
0, 0.3584, 0.9336, 
0.1999, 0.9592, 0.1999, 
0, 1, -0, 
-0.5946, 0.5413, -0.5946, 
0, 1, -0, 
-0.9336, 0.3584, 0, 
0, 1, -0, 
0, 1, -0, 
-0.9336, 0.3584, 0, 
0.9336, 0.3584, 0, 
0.9336, 0.3584, 0, 
0, 1, -0, 
0.6171, 0.4883, -0.6171, 
0.9336, 0.3584, 0, 
0, 1, -0, 
0.9336, 0.3584, 0, 
0.1141, 0.9836, 0.14, 
0, 1, -0, 
0.9336, 0.3584, 0, 
0.9336, 0.3584, 0, 
0.1141, 0.9836, 0.14, 
0.9336, 0.3584, 0, 
0.3596, 0.861, -0.3596, 
0.1141, 0.9836, 0.14, 
-0.6171, 0.4883, 0.6171, 
0, 1, -0, 
0, 0.3584, 0.9336, 
-0.14, 0.9836, -0.1141, 
0, 0.3584, -0.9336, 
0, 1, -0, 
-0.14, 0.9836, -0.1141, 
0, 0.3584, -0.9336, 
0, 0.3584, -0.9336, 
0.9336, 0.3584, 0, 
0, 1, -0, 
0, 1, -0, 
0.9336, 0.3584, 0, 
0.5946, 0.5413, 0.5946, 
0, 1, -0, 
0.5946, 0.5413, 0.5946, 
-0.1999, 0.9592, -0.1999, 
0, 1, -0, 
0, 0.3584, 0.9336, 
-0.3596, 0.861, 0.3596, 
-0.1159, 0.4355, 0.8927, 
0.6557, 0.3744, 0.6557, 
0.1999, 0.9592, 0.1999, 
0, 0.3584, 0.9336, 
0, 0.3584, 0.9336, 
0, 1, -0, 
0, 0.3584, 0.9336, 
0, 1, -0, 
0, 0.3584, -0.9336, 
0, 1, -0, 
0, 1, -0, 
-0.5946, 0.5413, -0.5946, 
0, 0.3584, -0.9336, 
0.9336, 0.3584, 0, 
0, 1, -0, 
0.1999, 0.9592, 0.1999, 
0.9336, 0.3584, 0, 
0.9336, 0.3584, 0, 
0, 1, -0, 
0.9336, 0.3584, 0, 
0, 1, -0, 
0, 1, -0, 
0.14, 0.9836, 0.1141, 
-0.1141, 0.9836, -0.14, 
-0.3596, 0.861, 0.3596, 
0.14, 0.9836, 0.1141, 
0.6171, 0.4883, -0.6171, 
-0.1141, 0.9836, -0.14, 
0.6171, 0.4883, -0.6171, 
0, 1, -0, 
-0.1141, 0.9836, -0.14, 
0, 1, -0, 
0, 0.3584, -0.9336, 
-0.1999, 0.9592, -0.1999, 
0, 1, -0, 
0, 0.3584, -0.9336, 
0, 0.3584, -0.9336, 
0.8927, 0.4355, -0.1159, 
0.1159, 0.4355, -0.8927, 
0.3596, 0.861, -0.3596, 
0.8927, 0.4355, -0.1159, 
0.5774, 0.5774, -0.5774, 
0.1159, 0.4355, -0.8927, 
-0.7071, 0.7071, -0, 
-0.8927, 0.4355, 0.1159, 
-0.9336, 0.3584, 0, 
0, 0.7071, 0.7071, 
0, 0.3584, 0.9336, 
0, 0.3584, 0.9336, 
0.7071, 0.7071, -0, 
0.9336, 0.3584, 0, 
0.9336, 0.3584, 0, 
0.5774, 0.5774, 0.5774, 
0.5946, 0.5413, 0.5946, 
0.9336, 0.3584, 0, 
0, 0.7071, 0.7071, 
0, 0.3584, 0.9336, 
0, 0.3584, 0.9336, 
0, 0.7071, -0.7071, 
0, 0.3584, -0.9336, 
0, 0.3584, -0.9336, 
-0.3015, 0.9045, -0.3015, 
-0.6557, 0.3744, -0.6557, 
0, 0.3584, -0.9336, 
0, 0.7071, -0.7071, 
0, 0.3584, -0.9336, 
-0.5946, 0.5413, -0.5946, 
0, 0.7071, -0.7071, 
0, 0.3584, -0.9336, 
0, 0.3584, -0.9336, 
0, 0.7071, -0.7071, 
0.1159, 0.4355, -0.8927, 
0.5774, 0.5774, -0.5774, 
0, 0.7071, 0.7071, 
0, 0.3584, 0.9336, 
-0.1159, 0.4355, 0.8927, 
0.7071, 0.7071, -0, 
0.9336, 0.3584, 0, 
0.6557, 0.3744, 0.6557, 
0.3015, 0.9045, -0.3015, 
0.5774, 0.5774, -0.5774, 
0.8927, 0.4355, -0.1159, 
0.7071, 0.7071, -0, 
0.8927, 0.4355, -0.1159, 
0.9336, 0.3584, 0, 
0.5774, 0.5774, -0.5774, 
0.6171, 0.4883, -0.6171, 
0, 0.3584, -0.9336, 
0, 0.7071, 0.7071, 
0, 0.3584, 0.9336, 
0, 0.3584, 0.9336, 
-0.5774, 0.5774, 0.5774, 
-0.6171, 0.4883, 0.6171, 
0, 0.3584, 0.9336, 
0.7071, 0.7071, -0, 
0.9336, 0.3584, 0, 
0.6171, 0.4883, -0.6171, 
-0.7071, 0.7071, -0, 
-0.9336, 0.3584, 0, 
-0.9336, 0.3584, 0, 
-0.7071, 0.7071, -0, 
-0.9336, 0.3584, 0, 
-0.6171, 0.4883, 0.6171, 
0, 0.7071, -0.7071, 
0, 0.3584, -0.9336, 
0, 0.3584, -0.9336, 
-0.7071, 0.7071, -0, 
-0.9336, 0.3584, 0, 
-0.9336, 0.3584, 0, 
-0.7071, 0.7071, -0, 
-0.9336, 0.3584, 0, 
-0.6557, 0.3744, -0.6557, 
0, 0.7071, 0.7071, 
0, 0.3584, 0.9336, 
0.5946, 0.5413, 0.5946, 
0.3015, 0.9045, 0.3015, 
0.6557, 0.3744, 0.6557, 
0, 0.3584, 0.9336, 
0.7071, 0.7071, -0, 
0.9336, 0.3584, 0, 
0.9336, 0.3584, 0, 
0.7071, 0.7071, -0, 
0.9336, 0.3584, 0, 
0.9336, 0.3584, 0, 
0, 0.7071, 0.7071, 
-0.1159, 0.4355, 0.8927, 
-0.5774, 0.5774, 0.5774, 
-0.3015, 0.9045, 0.3015, 
-0.5774, 0.5774, 0.5774, 
-0.8927, 0.4355, 0.1159, 
-0.7071, 0.7071, -0, 
-0.9336, 0.3584, 0, 
-0.9336, 0.3584, 0, 
0, 0.7071, -0.7071, 
0, 0.3584, -0.9336, 
0.1159, 0.4355, -0.8927, 
-0.5774, 0.5774, -0.5774, 
-0.5946, 0.5413, -0.5946, 
-0.9336, 0.3584, 0, 
]);
var bu = new Float32Array([
0.002733, 0.634852, 
0.187584, 0.816429, 
0.187584, 0.634852, 
0.002733, 0.638142, 
0.187584, 0.818091, 
0.187584, 0.638142, 
0.372435, 0.994816, 
0.187601, 0.816479, 
0.187601, 0.994816, 
0.002733, 0.994816, 
0.187584, 0.816479, 
0.187584, 0.994816, 
0.369212, 0.994816, 
0.187634, 0.816479, 
0.187634, 0.994816, 
0.002766, 0.994816, 
0.185989, 0.816479, 
0.185989, 0.994816, 
0.002766, 0.998039, 
0.185989, 0.816445, 
0.185989, 0.998039, 
0.002733, 0.998039, 
0.187584, 0.816445, 
0.187584, 0.998039, 
0.002733, 0.634852, 
0.002733, 0.816429, 
0.187584, 0.816429, 
0.002733, 0.638142, 
0.002733, 0.818091, 
0.187584, 0.818091, 
0.372435, 0.994816, 
0.372435, 0.816479, 
0.187601, 0.816479, 
0.002733, 0.994816, 
0.002733, 0.816479, 
0.187584, 0.816479, 
0.369212, 0.994816, 
0.369212, 0.816479, 
0.187634, 0.816479, 
0.002766, 0.994816, 
0.002766, 0.816479, 
0.185989, 0.816479, 
0.002766, 0.998039, 
0.002766, 0.816445, 
0.185989, 0.816445, 
0.002733, 0.998039, 
0.002733, 0.816445, 
0.187584, 0.816445, 
0.187584, 0.816445, 
0.002733, 0.816445, 
0.187584, 0.634852, 
0.002733, 0.816445, 
0.002733, 0.634852, 
0.187584, 0.634852, 
0.187601, 0.816429, 
0.187601, 0.998006, 
0.002766, 0.998006, 
0.187601, 0.816429, 
0.372435, 0.816429, 
0.187601, 0.998006, 
0.372435, 0.816429, 
0.372435, 0.998006, 
0.187601, 0.998006, 
0.187634, 0.816445, 
0.187634, 0.634852, 
0.006056, 0.634852, 
0.187634, 0.816429, 
0.187634, 0.998006, 
0.006056, 0.998006, 
0.187634, 0.816429, 
0.369212, 0.816429, 
0.187634, 0.998006, 
0.369212, 0.816429, 
0.369212, 0.998006, 
0.187634, 0.998006, 
0.187634, 0.816479, 
0.187634, 0.638142, 
0.006056, 0.638142, 
0.187634, 0.818091, 
0.187634, 0.998039, 
0.006056, 0.998039, 
0.187634, 0.638142, 
0.187634, 0.818091, 
0.187634, 0.818091, 
0.187584, 0.816479, 
0.002733, 0.816479, 
0.187584, 0.638142, 
0.002733, 0.816479, 
0.002733, 0.638142, 
0.187584, 0.638142, 
0.002766, 0.816479, 
0.185989, 0.816479, 
0.185989, 0.816479, 
0.187584, 0.818091, 
0.187584, 0.638142, 
0.187584, 0.638142, 
0.185989, 0.816445, 
0.185989, 0.998039, 
0.185989, 0.998039, 
0.187601, 0.818091, 
0.187601, 0.998039, 
0.002766, 0.998039, 
0.372435, 0.816479, 
0.187601, 0.816479, 
0.187601, 0.816479, 
0.185989, 0.816429, 
0.002766, 0.816429, 
0.002766, 0.816429, 
0.187634, 0.816429, 
0.369212, 0.816429, 
0.369212, 0.816429, 
0.187584, 0.818091, 
0.002733, 0.818091, 
0.187584, 0.998039, 
0.002733, 0.818091, 
0.002733, 0.998039, 
0.187584, 0.998039, 
0.002766, 0.818091, 
0.187601, 0.818091, 
0.187601, 0.818091, 
0.185989, 0.818091, 
0.002766, 0.818091, 
0.185989, 0.998039, 
0.002766, 0.818091, 
0.002766, 0.998039, 
0.185989, 0.998039, 
0.185989, 0.816429, 
0.185989, 0.998006, 
0.369212, 0.998006, 
0.185989, 0.816429, 
0.002766, 0.816429, 
0.185989, 0.998006, 
0.002766, 0.816429, 
0.002766, 0.998006, 
0.185989, 0.998006, 
0.187584, 0.816429, 
0.187584, 0.998006, 
0.372435, 0.998006, 
0.187584, 0.816429, 
0.002733, 0.816429, 
0.187584, 0.998006, 
0.002733, 0.816429, 
0.002733, 0.998006, 
0.187584, 0.998006, 
0.002766, 0.816429, 
0.187601, 0.816429, 
0.187601, 0.816429, 
0.372435, 0.816429, 
0.187584, 0.816429, 
0.187584, 0.816429, 
0.185989, 0.816479, 
0.369212, 0.816479, 
0.369212, 0.816479, 
0.187601, 0.998039, 
0.002766, 0.816445, 
0.002766, 0.998039, 
0.187601, 0.998039, 
0.187601, 0.816445, 
0.002766, 0.816445, 
0.187584, 0.638142, 
0.187584, 0.816479, 
0.187584, 0.816479, 
0.187584, 0.816429, 
0.187584, 0.634852, 
0.187584, 0.634852, 
0.187584, 0.634852, 
0.187584, 0.816445, 
0.187584, 0.816445, 
0.187601, 0.816429, 
0.002766, 0.998006, 
0.002766, 0.816429, 
0.185989, 0.818091, 
0.002766, 0.818091, 
0.002766, 0.818091, 
0.187601, 0.816479, 
0.002766, 0.816479, 
0.002766, 0.816479, 
0.187601, 0.816445, 
0.002766, 0.816445, 
0.002766, 0.816445, 
0.187634, 0.998039, 
0.006056, 0.816445, 
0.006056, 0.998039, 
0.187634, 0.998039, 
0.187634, 0.816445, 
0.006056, 0.816445, 
0.187634, 0.816445, 
0.006056, 0.634852, 
0.006056, 0.816445, 
0.187634, 0.634852, 
0.006056, 0.816429, 
0.006056, 0.634852, 
0.187634, 0.634852, 
0.187634, 0.816429, 
0.006056, 0.816429, 
0.187634, 0.816429, 
0.006056, 0.998006, 
0.006056, 0.816429, 
0.185989, 0.994816, 
0.369212, 0.816479, 
0.369212, 0.994816, 
0.185989, 0.994816, 
0.185989, 0.816479, 
0.369212, 0.816479, 
0.185989, 0.998039, 
0.185989, 0.818091, 
0.185989, 0.818091, 
0.187634, 0.994816, 
0.006056, 0.816479, 
0.006056, 0.994816, 
0.187634, 0.994816, 
0.187634, 0.816479, 
0.006056, 0.816479, 
0.187634, 0.816479, 
0.006056, 0.638142, 
0.006056, 0.816479, 
0.187634, 0.638142, 
0.006056, 0.818091, 
0.006056, 0.638142, 
0.187634, 0.638142, 
0.187634, 0.818091, 
0.006056, 0.818091, 
0.187634, 0.818091, 
0.006056, 0.998039, 
0.006056, 0.818091, 
0.187584, 0.994816, 
0.372435, 0.816479, 
0.372435, 0.994816, 
0.187584, 0.994816, 
0.187584, 0.816479, 
0.372435, 0.816479, 
0.187634, 0.816445, 
0.187634, 0.634852, 
0.187634, 0.634852, 
0.187601, 0.994816, 
0.002766, 0.816479, 
0.002766, 0.994816, 
0.187601, 0.994816, 
0.187601, 0.816479, 
0.002766, 0.816479, 
0.187601, 0.998039, 
0.187601, 0.816445, 
0.187601, 0.816445, 
0.369212, 0.816429, 
0.185989, 0.816429, 
0.185989, 0.816429, 
0.187634, 0.818091, 
0.187634, 0.998039, 
0.187634, 0.998039, 
0.187601, 0.818091, 
0.002766, 0.998039, 
0.002766, 0.818091, 
0.187634, 0.634852, 
0.187634, 0.816429, 
0.187634, 0.816429, 
0.002766, 0.816445, 
0.185989, 0.816445, 
0.185989, 0.816445, 
0.187584, 0.816479, 
0.372435, 0.816479, 
0.372435, 0.816479, 
0.187584, 0.998039, 
0.187584, 0.818091, 
0.187584, 0.818091, 
0.187584, 0.816445, 
0.187584, 0.998039, 
0.187584, 0.998039, 
0.369212, 0.816479, 
0.187634, 0.816479, 
0.187634, 0.816479, 
0.187634, 0.816479, 
0.187634, 0.638142, 
0.187634, 0.638142, 
0.187634, 0.998039, 
0.187634, 0.816445, 
0.187634, 0.816445, 
0.185989, 0.816429, 
0.369212, 0.998006, 
0.369212, 0.816429, 
0.187601, 0.816429, 
0.372435, 0.816429, 
0.372435, 0.816429, 
0.187601, 0.818091, 
0.187601, 0.998039, 
0.187601, 0.998039, 
0.187584, 0.816429, 
0.372435, 0.998006, 
0.372435, 0.816429, 
0.405966, 0.349119, 
0.567209, 0.508914, 
0.567209, 0.349119, 
0.405966, 0.352015, 
0.567209, 0.510377, 
0.567209, 0.352015, 
0.731288, 0.352015, 
0.568627, 0.510377, 
0.568627, 0.352015, 
0.728451, 0.352015, 
0.568656, 0.510377, 
0.568656, 0.352015, 
0.728451, 0.349119, 
0.568656, 0.508914, 
0.568656, 0.349119, 
0.728451, 0.668738, 
0.568656, 0.508929, 
0.568656, 0.668738, 
0.731288, 0.349119, 
0.568627, 0.508914, 
0.568627, 0.349119, 
0.731288, 0.668738, 
0.568627, 0.508929, 
0.568627, 0.668738, 
0.405966, 0.349119, 
0.405966, 0.508914, 
0.567209, 0.508914, 
0.405966, 0.352015, 
0.405966, 0.510377, 
0.567209, 0.510377, 
0.731288, 0.352015, 
0.731288, 0.510377, 
0.568627, 0.510377, 
0.728451, 0.352015, 
0.728451, 0.510377, 
0.568656, 0.510377, 
0.728451, 0.349119, 
0.728451, 0.508914, 
0.568656, 0.508914, 
0.728451, 0.668738, 
0.728451, 0.508929, 
0.568656, 0.508929, 
0.731288, 0.349119, 
0.731288, 0.508914, 
0.568627, 0.508914, 
0.731288, 0.668738, 
0.731288, 0.508929, 
0.568627, 0.508929, 
0.568612, 0.508929, 
0.568612, 0.349119, 
0.731288, 0.349119, 
0.568627, 0.508929, 
0.568627, 0.349119, 
0.405966, 0.349119, 
0.568627, 0.508929, 
0.731288, 0.508929, 
0.568627, 0.349119, 
0.731288, 0.508929, 
0.731288, 0.349119, 
0.568627, 0.349119, 
0.567209, 0.508929, 
0.567209, 0.349119, 
0.728451, 0.349119, 
0.567209, 0.508929, 
0.405966, 0.508929, 
0.567209, 0.349119, 
0.405966, 0.508929, 
0.405966, 0.349119, 
0.567209, 0.349119, 
0.568656, 0.508929, 
0.728451, 0.508929, 
0.568656, 0.349119, 
0.728451, 0.508929, 
0.728451, 0.349119, 
0.568656, 0.349119, 
0.567209, 0.508958, 
0.567209, 0.352015, 
0.728451, 0.352015, 
0.567209, 0.508958, 
0.405966, 0.508958, 
0.567209, 0.352015, 
0.405966, 0.508958, 
0.405966, 0.352015, 
0.567209, 0.352015, 
0.568656, 0.508958, 
0.728451, 0.508958, 
0.568656, 0.352015, 
0.728451, 0.508958, 
0.728451, 0.352015, 
0.568656, 0.352015, 
0.568656, 0.510377, 
0.728451, 0.510377, 
0.568656, 0.668738, 
0.728451, 0.510377, 
0.728451, 0.668738, 
0.568656, 0.668738, 
0.568612, 0.508958, 
0.568612, 0.352015, 
0.731288, 0.352015, 
0.568627, 0.508958, 
0.568627, 0.352015, 
0.405966, 0.352015, 
0.568627, 0.508958, 
0.731288, 0.508958, 
0.568627, 0.352015, 
0.731288, 0.508958, 
0.731288, 0.352015, 
0.568627, 0.352015, 
0.568627, 0.510377, 
0.731288, 0.510377, 
0.568627, 0.668738, 
0.731288, 0.510377, 
0.731288, 0.668738, 
0.568627, 0.668738, 
0.568612, 0.510377, 
0.568612, 0.668738, 
0.731288, 0.668738, 
0.567209, 0.510377, 
0.567209, 0.668738, 
0.728451, 0.668738, 
0.568612, 0.668738, 
0.731288, 0.508929, 
0.731288, 0.668738, 
0.568612, 0.668738, 
0.568612, 0.508929, 
0.731288, 0.508929, 
0.568612, 0.508929, 
0.731288, 0.349119, 
0.731288, 0.508929, 
0.568627, 0.508929, 
0.405966, 0.349119, 
0.405966, 0.508929, 
0.568627, 0.349119, 
0.405966, 0.508914, 
0.405966, 0.349119, 
0.568627, 0.349119, 
0.568627, 0.508914, 
0.405966, 0.508914, 
0.567209, 0.668738, 
0.728451, 0.508929, 
0.728451, 0.668738, 
0.567209, 0.668738, 
0.567209, 0.508929, 
0.728451, 0.508929, 
0.567209, 0.508929, 
0.728451, 0.349119, 
0.728451, 0.508929, 
0.567209, 0.508958, 
0.728451, 0.352015, 
0.728451, 0.508958, 
0.568612, 0.508958, 
0.731288, 0.352015, 
0.731288, 0.508958, 
0.568627, 0.508958, 
0.405966, 0.352015, 
0.405966, 0.508958, 
0.568627, 0.352015, 
0.405966, 0.510377, 
0.405966, 0.352015, 
0.568627, 0.352015, 
0.568627, 0.510377, 
0.405966, 0.510377, 
0.568612, 0.352015, 
0.731288, 0.510377, 
0.731288, 0.352015, 
0.568612, 0.352015, 
0.568612, 0.510377, 
0.731288, 0.510377, 
0.568612, 0.510377, 
0.731288, 0.668738, 
0.731288, 0.510377, 
0.567209, 0.352015, 
0.728451, 0.510377, 
0.728451, 0.352015, 
0.567209, 0.352015, 
0.567209, 0.510377, 
0.728451, 0.510377, 
0.567209, 0.510377, 
0.728451, 0.668738, 
0.728451, 0.510377, 
0.567209, 0.349119, 
0.728451, 0.508914, 
0.728451, 0.349119, 
0.567209, 0.349119, 
0.567209, 0.508914, 
0.728451, 0.508914, 
0.568612, 0.349119, 
0.731288, 0.508914, 
0.731288, 0.349119, 
0.568612, 0.349119, 
0.568612, 0.508914, 
0.731288, 0.508914, 
0.187634, 0.638142, 
0.187634, 0.638142, 
0.187634, 0.818091, 
0.002766, 0.816479, 
0.002766, 0.816479, 
0.185989, 0.816479, 
0.187584, 0.818091, 
0.187584, 0.818091, 
0.187584, 0.638142, 
0.185989, 0.816445, 
0.185989, 0.816445, 
0.185989, 0.998039, 
0.372435, 0.816479, 
0.372435, 0.816479, 
0.187601, 0.816479, 
0.185989, 0.816429, 
0.185989, 0.816429, 
0.002766, 0.816429, 
0.187634, 0.816429, 
0.187634, 0.816429, 
0.369212, 0.816429, 
0.002766, 0.818091, 
0.002766, 0.818091, 
0.187601, 0.818091, 
0.002766, 0.816429, 
0.002766, 0.816429, 
0.187601, 0.816429, 
0.372435, 0.816429, 
0.372435, 0.816429, 
0.187584, 0.816429, 
0.185989, 0.816479, 
0.185989, 0.816479, 
0.369212, 0.816479, 
0.187584, 0.638142, 
0.187584, 0.638142, 
0.187584, 0.816479, 
0.187584, 0.816429, 
0.187584, 0.816429, 
0.187584, 0.634852, 
0.187584, 0.634852, 
0.187584, 0.634852, 
0.187584, 0.816445, 
0.185989, 0.818091, 
0.185989, 0.818091, 
0.002766, 0.818091, 
0.187601, 0.816479, 
0.187601, 0.816479, 
0.002766, 0.816479, 
0.187601, 0.816445, 
0.187601, 0.816445, 
0.002766, 0.816445, 
0.185989, 0.998039, 
0.185989, 0.998039, 
0.185989, 0.818091, 
0.187634, 0.816445, 
0.187634, 0.816445, 
0.187634, 0.634852, 
0.187601, 0.998039, 
0.187601, 0.998039, 
0.187601, 0.816445, 
0.369212, 0.816429, 
0.369212, 0.816429, 
0.185989, 0.816429, 
0.187634, 0.818091, 
0.187634, 0.818091, 
0.187634, 0.998039, 
0.187634, 0.634852, 
0.187634, 0.634852, 
0.187634, 0.816429, 
0.002766, 0.816445, 
0.002766, 0.816445, 
0.185989, 0.816445, 
0.187584, 0.816479, 
0.187584, 0.816479, 
0.372435, 0.816479, 
0.187584, 0.998039, 
0.187584, 0.998039, 
0.187584, 0.818091, 
0.187584, 0.816445, 
0.187584, 0.816445, 
0.187584, 0.998039, 
0.369212, 0.816479, 
0.369212, 0.816479, 
0.187634, 0.816479, 
0.187634, 0.816479, 
0.187634, 0.816479, 
0.187634, 0.638142, 
0.187634, 0.998039, 
0.187634, 0.998039, 
0.187634, 0.816445, 
0.187601, 0.816429, 
0.187601, 0.816429, 
0.372435, 0.816429, 
0.187601, 0.818091, 
0.187601, 0.818091, 
0.187601, 0.998039, 
]);
