var gv = new Float32Array([
5, 0, -2.5, 
2.5, 0, -5, 
2.5, 0, -2.5, 
0, 0, -2.5, 
-2.5, 0, -5, 
-2.5, 0, -2.5, 
0, 0, 2.5, 
-2.5, 0, 0, 
-2.5, 0, 2.5, 
5, 0, 2.5, 
2.5, 0, 0, 
2.5, 0, 2.5, 
2.5, 0, 2.5, 
0, 0, 0, 
0, 0, 2.5, 
2.5, 0, 5, 
0, 0, 2.5, 
0, 0, 5, 
5, 0, 5, 
2.5, 0, 2.5, 
2.5, 0, 5, 
-2.5, 0, 2.5, 
-5, 0, 0, 
-5, 0, 2.5, 
-2.5, 0, 5, 
-5, 0, 2.5, 
-5, 0, 5, 
0, 0, 5, 
-2.5, 0, 2.5, 
-2.5, 0, 5, 
-2.5, 0, -2.5, 
-5, 0, -5, 
-5, 0, -2.5, 
-2.5, 0, 0, 
-5, 0, -2.5, 
-5, 0, 0, 
0, 0, 0, 
-2.5, 0, -2.5, 
-2.5, 0, 0, 
2.5, 0, -2.5, 
0, 0, -5, 
0, 0, -2.5, 
2.5, 0, 0, 
0, 0, -2.5, 
0, 0, 0, 
5, 0, 0, 
2.5, 0, -2.5, 
2.5, 0, 0, 
5, 0, -2.5, 
5, 0, -5, 
2.5, 0, -5, 
0, 0, -2.5, 
0, 0, -5, 
-2.5, 0, -5, 
0, 0, 2.5, 
0, 0, 0, 
-2.5, 0, 0, 
5, 0, 2.5, 
5, 0, 0, 
2.5, 0, 0, 
2.5, 0, 2.5, 
2.5, 0, 0, 
0, 0, 0, 
2.5, 0, 5, 
2.5, 0, 2.5, 
0, 0, 2.5, 
5, 0, 5, 
5, 0, 2.5, 
2.5, 0, 2.5, 
-2.5, 0, 2.5, 
-2.5, 0, 0, 
-5, 0, 0, 
-2.5, 0, 5, 
-2.5, 0, 2.5, 
-5, 0, 2.5, 
0, 0, 5, 
0, 0, 2.5, 
-2.5, 0, 2.5, 
-2.5, 0, -2.5, 
-2.5, 0, -5, 
-5, 0, -5, 
-2.5, 0, 0, 
-2.5, 0, -2.5, 
-5, 0, -2.5, 
0, 0, 0, 
0, 0, -2.5, 
-2.5, 0, -2.5, 
2.5, 0, -2.5, 
2.5, 0, -5, 
0, 0, -5, 
2.5, 0, 0, 
2.5, 0, -2.5, 
0, 0, -2.5, 
5, 0, 0, 
5, 0, -2.5, 
2.5, 0, -2.5, 
]);
var gn = new Float32Array([
0, 1, 0, 
0, 1, 0, 
0, 1, 0, 
0, 1, 0, 
0, 1, 0, 
0, 1, 0, 
0, 1, 0, 
0, 1, 0, 
0, 1, 0, 
0, 1, 0, 
0, 1, 0, 
0, 1, 0, 
0, 1, 0, 
0, 1, 0, 
0, 1, 0, 
0, 1, 0, 
0, 1, 0, 
0, 1, 0, 
0, 1, 0, 
0, 1, 0, 
0, 1, 0, 
0, 1, 0, 
0, 1, 0, 
0, 1, 0, 
0, 1, 0, 
0, 1, 0, 
0, 1, 0, 
0, 1, 0, 
0, 1, 0, 
0, 1, 0, 
0, 1, 0, 
0, 1, 0, 
0, 1, 0, 
0, 1, 0, 
0, 1, 0, 
0, 1, 0, 
0, 1, 0, 
0, 1, 0, 
0, 1, 0, 
0, 1, 0, 
0, 1, 0, 
0, 1, 0, 
0, 1, 0, 
0, 1, 0, 
0, 1, 0, 
0, 1, 0, 
0, 1, 0, 
0, 1, 0, 
0, 1, 0, 
0, 1, 0, 
0, 1, 0, 
0, 1, 0, 
0, 1, 0, 
0, 1, 0, 
0, 1, 0, 
0, 1, 0, 
0, 1, 0, 
0, 1, 0, 
0, 1, 0, 
0, 1, 0, 
0, 1, 0, 
0, 1, 0, 
0, 1, 0, 
0, 1, 0, 
0, 1, 0, 
0, 1, 0, 
0, 1, 0, 
0, 1, 0, 
0, 1, 0, 
0, 1, 0, 
0, 1, 0, 
0, 1, 0, 
0, 1, 0, 
0, 1, 0, 
0, 1, 0, 
0, 1, 0, 
0, 1, 0, 
0, 1, 0, 
0, 1, 0, 
0, 1, 0, 
0, 1, 0, 
0, 1, 0, 
0, 1, 0, 
0, 1, 0, 
0, 1, 0, 
0, 1, 0, 
0, 1, 0, 
0, 1, 0, 
0, 1, 0, 
0, 1, 0, 
0, 1, 0, 
0, 1, 0, 
0, 1, 0, 
0, 1, 0, 
0, 1, 0, 
0, 1, 0, 
]);
var gu = new Float32Array([
0.015987, 0.020003, 
0.349964, 0.348065, 
0.349964, 0.020003, 
0.016017, 0.020003, 
0.347052, 0.348065, 
0.347052, 0.020003, 
0.016017, 0.022976, 
0.347052, 0.348095, 
0.347052, 0.022976, 
0.015987, 0.022976, 
0.349964, 0.348095, 
0.349964, 0.022976, 
0.349964, 0.022976, 
0.016017, 0.348095, 
0.016017, 0.022976, 
0.349964, 0.345183, 
0.016017, 0.022976, 
0.016017, 0.345183, 
0.015987, 0.345183, 
0.349964, 0.022976, 
0.349964, 0.345183, 
0.347052, 0.022976, 
0.018989, 0.348095, 
0.018989, 0.022976, 
0.347052, 0.345183, 
0.018989, 0.022976, 
0.018989, 0.345183, 
0.016017, 0.345183, 
0.347052, 0.022976, 
0.347052, 0.345183, 
0.347052, 0.020003, 
0.018989, 0.348065, 
0.018989, 0.020003, 
0.347052, 0.348095, 
0.018989, 0.020003, 
0.018989, 0.348095, 
0.016017, 0.348095, 
0.347052, 0.020003, 
0.347052, 0.348095, 
0.349964, 0.020003, 
0.016017, 0.348065, 
0.016017, 0.020003, 
0.349964, 0.348095, 
0.016017, 0.020003, 
0.016017, 0.348095, 
0.015987, 0.348095, 
0.349964, 0.020003, 
0.349964, 0.348095, 
0.015987, 0.020003, 
0.015987, 0.348065, 
0.349964, 0.348065, 
0.016017, 0.020003, 
0.016017, 0.348065, 
0.347052, 0.348065, 
0.016017, 0.022976, 
0.016017, 0.348095, 
0.347052, 0.348095, 
0.015987, 0.022976, 
0.015987, 0.348095, 
0.349964, 0.348095, 
0.349964, 0.022976, 
0.349964, 0.348095, 
0.016017, 0.348095, 
0.349964, 0.345183, 
0.349964, 0.022976, 
0.016017, 0.022976, 
0.015987, 0.345183, 
0.015987, 0.022976, 
0.349964, 0.022976, 
0.347052, 0.022976, 
0.347052, 0.348095, 
0.018989, 0.348095, 
0.347052, 0.345183, 
0.347052, 0.022976, 
0.018989, 0.022976, 
0.016017, 0.345183, 
0.016017, 0.022976, 
0.347052, 0.022976, 
0.347052, 0.020003, 
0.347052, 0.348065, 
0.018989, 0.348065, 
0.347052, 0.348095, 
0.347052, 0.020003, 
0.018989, 0.020003, 
0.016017, 0.348095, 
0.016017, 0.020003, 
0.347052, 0.020003, 
0.349964, 0.020003, 
0.349964, 0.348065, 
0.016017, 0.348065, 
0.349964, 0.348095, 
0.349964, 0.020003, 
0.016017, 0.020003, 
0.015987, 0.348095, 
0.015987, 0.020003, 
0.349964, 0.020003, 
]);
