var cv = new Float32Array([
5, -0, -2.5, 
3.75, -0, -3.75, 
3.75, -0, -2.5, 
5, 0, 2.5, 
3.75, 0, 1.25, 
3.75, 0, 2.5, 
2.5, 0, 5, 
1.25, 0, 3.75, 
1.25, 0, 5, 
5, 0, 5, 
3.75, 0, 3.75, 
3.75, 0, 5, 
-2.5, 0, 5, 
-3.75, 0, 3.75, 
-3.75, 0, 5, 
0, 0, 5, 
-1.25, 0, 3.75, 
-1.25, 0, 5, 
2.5, -0, -2.5, 
1.25, -0, -3.75, 
1.25, -0, -2.5, 
5, 0, 0, 
3.75, -0, -1.25, 
3.75, 0, 0, 
5, -0, -2.5, 
5, -0, -3.75, 
3.75, -0, -3.75, 
0, -0, -2.5, 
0, -0, -3.75, 
-1.25, -0, -3.75, 
5, 0, 2.5, 
5, 0, 1.25, 
3.75, 0, 1.25, 
2.5, 0, 5, 
2.5, 0, 3.75, 
1.25, 0, 3.75, 
5, 0, 5, 
5, 0, 3.75, 
3.75, 0, 3.75, 
-2.5, 0, 5, 
-2.5, 0, 3.75, 
-3.75, 0, 3.75, 
0, 0, 5, 
0, 0, 3.75, 
-1.25, 0, 3.75, 
2.5, -0, -2.5, 
2.5, -0, -3.75, 
1.25, -0, -3.75, 
2.5, 0, 0, 
2.5, -0, -1.25, 
1.25, -0, -1.25, 
5, 0, 0, 
5, -0, -1.25, 
3.75, -0, -1.25, 
3.75, -0, -1.25, 
3.75, -0, -2.5, 
2.5, -0, -2.5, 
3.75, -0, -1.25, 
5, -0, -1.25, 
3.75, -0, -2.5, 
5, -0, -1.25, 
5, -0, -2.5, 
3.75, -0, -2.5, 
1.25, -0, -1.25, 
1.25, -0, -2.5, 
0, -0, -2.5, 
1.25, -0, -1.25, 
2.5, -0, -1.25, 
1.25, -0, -2.5, 
2.5, -0, -1.25, 
2.5, -0, -2.5, 
1.25, -0, -2.5, 
1.25, -0, -3.75, 
1.25, -0, -5, 
0, -0, -5, 
1.25, -0, -3.75, 
2.5, -0, -3.75, 
1.25, -0, -5, 
2.5, -0, -3.75, 
2.5, -0, -5, 
1.25, -0, -5, 
-3.75, -0, -1.25, 
-3.75, -0, -2.5, 
-5, -0, -2.5, 
-3.75, -0, -3.75, 
-3.75, -0, -5, 
-5, -0, -5, 
-3.75, -0, -3.75, 
-2.5, -0, -3.75, 
-3.75, -0, -5, 
-2.5, -0, -3.75, 
-2.5, -0, -5, 
-3.75, -0, -5, 
-3.75, 0, 3.75, 
-3.75, 0, 2.5, 
-5, 0, 2.5, 
-3.75, 0, 1.25, 
-3.75, 0, 0, 
-5, 0, 0, 
3.75, 0, 3.75, 
5, 0, 3.75, 
3.75, 0, 2.5, 
5, 0, 3.75, 
5, 0, 2.5, 
3.75, 0, 2.5, 
3.75, 0, 1.25, 
3.75, 0, 0, 
2.5, 0, 0, 
3.75, 0, 1.25, 
5, 0, 1.25, 
3.75, 0, 0, 
5, 0, 1.25, 
5, 0, 0, 
3.75, 0, 0, 
-1.25, -0, -3.75, 
-1.25, -0, -5, 
-2.5, -0, -5, 
-1.25, -0, -3.75, 
0, -0, -3.75, 
-1.25, -0, -5, 
0, -0, -3.75, 
0, -0, -5, 
-1.25, -0, -5, 
3.75, -0, -3.75, 
3.75, -0, -5, 
2.5, -0, -5, 
3.75, -0, -3.75, 
5, -0, -3.75, 
3.75, -0, -5, 
5, -0, -3.75, 
5, -0, -5, 
3.75, -0, -5, 
3.75, 0, 0, 
2.5, -0, -1.25, 
2.5, 0, 0, 
3.75, 0, 0, 
3.75, -0, -1.25, 
2.5, -0, -1.25, 
3.75, -0, -1.25, 
2.5, -0, -2.5, 
2.5, -0, -1.25, 
0, 0, 3.75, 
-1.25, 3.69663, 3.75, 
-1.25, 0, 3.75, 
3.75, 0, 1.25, 
3.75, 3.69663, 2.5, 
3.75, 0, 2.5, 
-2.5, -0, -3.75, 
-1.25, 3.69663, -3.75, 
-1.25, -0, -3.75, 
1.25, -0, -2.5, 
0, -0, -3.75, 
0, -0, -2.5, 
1.25, -0, -2.5, 
1.25, -0, -3.75, 
0, -0, -3.75, 
1.25, -0, -3.75, 
0, -0, -5, 
0, -0, -3.75, 
3.75, 0, 3.75, 
2.5, 3.69663, 3.75, 
2.5, 0, 3.75, 
1.25, -0, -1.25, 
2.5, 3.69663, -0, 
2.5, 0, 0, 
-3.75, 0, 0, 
-3.75, 3.69663, -1.25, 
-3.75, -0, -1.25, 
-3.75, 0, 0, 
-5, -0, -1.25, 
-5, 0, 0, 
-3.75, 0, 0, 
-3.75, -0, -1.25, 
-5, -0, -1.25, 
-3.75, -0, -1.25, 
-5, -0, -2.5, 
-5, -0, -1.25, 
-3.75, -0, -2.5, 
-5, -0, -3.75, 
-5, -0, -2.5, 
-3.75, -0, -2.5, 
-3.75, -0, -3.75, 
-5, -0, -3.75, 
-3.75, -0, -3.75, 
-5, -0, -5, 
-5, -0, -3.75, 
-1.25, 0, 5, 
-2.5, 0, 3.75, 
-2.5, 0, 5, 
-1.25, 0, 5, 
-1.25, 0, 3.75, 
-2.5, 0, 3.75, 
-3.75, 0, 1.25, 
-3.75, 3.69663, -0, 
-3.75, 0, 0, 
-3.75, 0, 5, 
-5, 0, 3.75, 
-5, 0, 5, 
-3.75, 0, 5, 
-3.75, 0, 3.75, 
-5, 0, 3.75, 
-3.75, 0, 3.75, 
-5, 0, 2.5, 
-5, 0, 3.75, 
-3.75, 0, 2.5, 
-5, 0, 1.25, 
-5, 0, 2.5, 
-3.75, 0, 2.5, 
-3.75, 0, 1.25, 
-5, 0, 1.25, 
-3.75, 0, 1.25, 
-5, 0, 0, 
-5, 0, 1.25, 
3.75, 0, 5, 
2.5, 0, 3.75, 
2.5, 0, 5, 
3.75, 0, 5, 
3.75, 0, 3.75, 
2.5, 0, 3.75, 
2.5, 0, 3.75, 
1.25, 3.69663, 3.75, 
1.25, 0, 3.75, 
1.25, 0, 5, 
0, 0, 3.75, 
0, 0, 5, 
1.25, 0, 5, 
1.25, 0, 3.75, 
0, 0, 3.75, 
-1.25, 0, 3.75, 
-2.5, 3.69663, 3.75, 
-2.5, 0, 3.75, 
-3.75, -0, -3.75, 
-2.5, 3.69663, -3.75, 
-2.5, -0, -3.75, 
2.5, 0, 0, 
3.75, 3.69663, 1.25, 
3.75, 0, 1.25, 
-2.5, 0, 3.75, 
-3.75, 3.69663, 3.75, 
-3.75, 0, 3.75, 
0, -0, -2.5, 
1.25, 3.69663, -1.25, 
1.25, -0, -1.25, 
-3.75, 0, 2.5, 
-3.75, 3.69663, 1.25, 
-3.75, 0, 1.25, 
-3.75, 0, 3.75, 
-3.75, 3.69663, 2.5, 
-3.75, 0, 2.5, 
-1.25, -0, -3.75, 
0, 3.69663, -2.5, 
0, -0, -2.5, 
1.25, 0, 3.75, 
0, 3.69663, 3.75, 
0, 0, 3.75, 
3.75, 0, 2.5, 
3.75, 3.69663, 3.75, 
3.75, 0, 3.75, 
-3.75, -0, -2.5, 
-3.75, 3.69663, -3.75, 
-3.75, -0, -3.75, 
-3.75, -0, -1.25, 
-3.75, 3.69663, -2.5, 
-3.75, -0, -2.5, 
-1.25, -0, -3.75, 
-2.5, -0, -5, 
-2.5, -0, -3.75, 
3.75, -0, -2.5, 
2.5, -0, -3.75, 
2.5, -0, -2.5, 
3.75, -0, -2.5, 
3.75, -0, -3.75, 
2.5, -0, -3.75, 
3.75, -0, -3.75, 
2.5, -0, -5, 
2.5, -0, -3.75, 
0, 3.69663, -2.5, 
-1.25, 3.69663, -3.75, 
-1.25, 3.69663, -2.5, 
0, 3.69663, 2.5, 
-1.25, 3.69663, 1.25, 
-1.25, 3.69663, 2.5, 
2.5, 3.69663, 2.5, 
1.25, 3.69663, 1.25, 
1.25, 3.69663, 2.5, 
-2.5, 3.69663, 2.5, 
-3.75, 3.69663, 1.25, 
-3.75, 3.69663, 2.5, 
-2.5, 3.69663, -2.5, 
-3.75, 3.69663, -3.75, 
-3.75, 3.69663, -2.5, 
-2.5, 3.69663, -0, 
-3.75, 3.69663, -1.25, 
-3.75, 3.69663, -0, 
0, 3.69663, -0, 
-1.25, 3.69663, -1.25, 
-1.25, 3.69663, -0, 
2.5, 3.69663, -0, 
1.25, 3.69663, -1.25, 
1.25, 3.69663, -0, 
0, 3.69663, 2.5, 
0, 3.69663, 1.25, 
-1.25, 3.69663, 1.25, 
2.5, 3.69663, 2.5, 
2.5, 3.69663, 1.25, 
1.25, 3.69663, 1.25, 
-2.5, 3.69663, 2.5, 
-2.5, 3.69663, 1.25, 
-3.75, 3.69663, 1.25, 
-2.5, 3.69663, -2.5, 
-2.5, 3.69663, -3.75, 
-3.75, 3.69663, -3.75, 
-2.5, 3.69663, -0, 
-2.5, 3.69663, -1.25, 
-3.75, 3.69663, -1.25, 
0, 3.69663, -0, 
0, 3.69663, -1.25, 
-1.25, 3.69663, -1.25, 
-1.25, 3.69663, -1.25, 
-1.25, 3.69663, -2.5, 
-2.5, 3.69663, -2.5, 
-1.25, 3.69663, -1.25, 
0, 3.69663, -1.25, 
-1.25, 3.69663, -2.5, 
0, 3.69663, -1.25, 
0, 3.69663, -2.5, 
-1.25, 3.69663, -2.5, 
-3.75, 3.69663, -1.25, 
-2.5, 3.69663, -1.25, 
-3.75, 3.69663, -2.5, 
-2.5, 3.69663, -1.25, 
-2.5, 3.69663, -2.5, 
-3.75, 3.69663, -2.5, 
-1.25, 3.69663, 3.75, 
-1.25, 3.69663, 2.5, 
-2.5, 3.69663, 2.5, 
-1.25, 3.69663, 3.75, 
0, 3.69663, 3.75, 
-1.25, 3.69663, 2.5, 
0, 3.69663, 3.75, 
0, 3.69663, 2.5, 
-1.25, 3.69663, 2.5, 
-3.75, 3.69663, 3.75, 
-2.5, 3.69663, 3.75, 
-3.75, 3.69663, 2.5, 
-2.5, 3.69663, 3.75, 
-2.5, 3.69663, 2.5, 
-3.75, 3.69663, 2.5, 
-3.75, 3.69663, 1.25, 
-2.5, 3.69663, 1.25, 
-3.75, 3.69663, -0, 
-2.5, 3.69663, 1.25, 
-2.5, 3.69663, -0, 
-3.75, 3.69663, -0, 
3.75, 3.69663, 3.75, 
3.75, 3.69663, 2.5, 
2.5, 3.69663, 2.5, 
1.25, 3.69663, 3.75, 
1.25, 3.69663, 2.5, 
0, 3.69663, 2.5, 
1.25, 3.69663, 3.75, 
2.5, 3.69663, 3.75, 
1.25, 3.69663, 2.5, 
2.5, 3.69663, 3.75, 
2.5, 3.69663, 2.5, 
1.25, 3.69663, 2.5, 
1.25, 3.69663, 1.25, 
1.25, 3.69663, -0, 
0, 3.69663, -0, 
1.25, 3.69663, 1.25, 
2.5, 3.69663, 1.25, 
1.25, 3.69663, -0, 
2.5, 3.69663, 1.25, 
2.5, 3.69663, -0, 
1.25, 3.69663, -0, 
-1.25, 3.69663, 1.25, 
-1.25, 3.69663, -0, 
-2.5, 3.69663, -0, 
-1.25, 3.69663, 1.25, 
0, 3.69663, 1.25, 
-1.25, 3.69663, -0, 
0, 3.69663, 1.25, 
0, 3.69663, -0, 
-1.25, 3.69663, -0, 
1.25, 3.69663, -0, 
0, 3.69663, -1.25, 
0, 3.69663, -0, 
1.25, 3.69663, -0, 
1.25, 3.69663, -1.25, 
0, 3.69663, -1.25, 
1.25, 3.69663, -1.25, 
0, 3.69663, -2.5, 
0, 3.69663, -1.25, 
-1.25, 3.69663, -0, 
-2.5, 3.69663, -1.25, 
-2.5, 3.69663, -0, 
-1.25, 3.69663, -0, 
-1.25, 3.69663, -1.25, 
-2.5, 3.69663, -1.25, 
-1.25, 3.69663, -1.25, 
-2.5, 3.69663, -2.5, 
-2.5, 3.69663, -1.25, 
-1.25, 3.69663, 3.75, 
-2.5, 3.69663, 2.5, 
-2.5, 3.69663, 3.75, 
3.75, 3.69663, 3.75, 
2.5, 3.69663, 2.5, 
2.5, 3.69663, 3.75, 
1.25, 3.69663, 3.75, 
0, 3.69663, 2.5, 
0, 3.69663, 3.75, 
1.25, 3.69663, 2.5, 
0, 3.69663, 1.25, 
0, 3.69663, 2.5, 
1.25, 3.69663, 2.5, 
1.25, 3.69663, 1.25, 
0, 3.69663, 1.25, 
1.25, 3.69663, 1.25, 
0, 3.69663, -0, 
0, 3.69663, 1.25, 
3.75, 3.69663, 2.5, 
2.5, 3.69663, 1.25, 
2.5, 3.69663, 2.5, 
3.75, 3.69663, 2.5, 
3.75, 3.69663, 1.25, 
2.5, 3.69663, 1.25, 
3.75, 3.69663, 1.25, 
2.5, 3.69663, -0, 
2.5, 3.69663, 1.25, 
-1.25, 3.69663, 2.5, 
-2.5, 3.69663, 1.25, 
-2.5, 3.69663, 2.5, 
-1.25, 3.69663, 2.5, 
-1.25, 3.69663, 1.25, 
-2.5, 3.69663, 1.25, 
-1.25, 3.69663, 1.25, 
-2.5, 3.69663, -0, 
-2.5, 3.69663, 1.25, 
-1.25, 3.69663, -2.5, 
-2.5, 3.69663, -3.75, 
-2.5, 3.69663, -2.5, 
-1.25, 3.69663, -2.5, 
-1.25, 3.69663, -3.75, 
-2.5, 3.69663, -3.75, 
0, 0, 3.75, 
0, 3.69663, 3.75, 
-1.25, 3.69663, 3.75, 
3.75, 0, 1.25, 
3.75, 3.69663, 1.25, 
3.75, 3.69663, 2.5, 
-2.5, -0, -3.75, 
-2.5, 3.69663, -3.75, 
-1.25, 3.69663, -3.75, 
3.75, 0, 3.75, 
3.75, 3.69663, 3.75, 
2.5, 3.69663, 3.75, 
1.25, -0, -1.25, 
1.25, 3.69663, -1.25, 
2.5, 3.69663, -0, 
-3.75, 0, 0, 
-3.75, 3.69663, -0, 
-3.75, 3.69663, -1.25, 
-3.75, 0, 1.25, 
-3.75, 3.69663, 1.25, 
-3.75, 3.69663, -0, 
2.5, 0, 3.75, 
2.5, 3.69663, 3.75, 
1.25, 3.69663, 3.75, 
-1.25, 0, 3.75, 
-1.25, 3.69663, 3.75, 
-2.5, 3.69663, 3.75, 
-3.75, -0, -3.75, 
-3.75, 3.69663, -3.75, 
-2.5, 3.69663, -3.75, 
2.5, 0, 0, 
2.5, 3.69663, -0, 
3.75, 3.69663, 1.25, 
-2.5, 0, 3.75, 
-2.5, 3.69663, 3.75, 
-3.75, 3.69663, 3.75, 
0, -0, -2.5, 
0, 3.69663, -2.5, 
1.25, 3.69663, -1.25, 
-3.75, 0, 2.5, 
-3.75, 3.69663, 2.5, 
-3.75, 3.69663, 1.25, 
-3.75, 0, 3.75, 
-3.75, 3.69663, 3.75, 
-3.75, 3.69663, 2.5, 
-1.25, -0, -3.75, 
-1.25, 3.69663, -3.75, 
0, 3.69663, -2.5, 
1.25, 0, 3.75, 
1.25, 3.69663, 3.75, 
0, 3.69663, 3.75, 
3.75, 0, 2.5, 
3.75, 3.69663, 2.5, 
3.75, 3.69663, 3.75, 
-3.75, -0, -2.5, 
-3.75, 3.69663, -2.5, 
-3.75, 3.69663, -3.75, 
-3.75, -0, -1.25, 
-3.75, 3.69663, -1.25, 
-3.75, 3.69663, -2.5, 
]);
var cn = new Float32Array([
0, 1, -0, 
0, 1, -0, 
0, 1, -0, 
0, 1, -0, 
0.5491, 0.8042, -0.2275, 
0.7071, 0.7071, -0, 
0, 1, -0, 
0, 0.7071, 0.7071, 
0, 1, -0, 
0, 1, -0, 
0.3015, 0.9045, 0.3015, 
0, 1, -0, 
0, 1, -0, 
-0.3015, 0.9045, 0.3015, 
0, 1, -0, 
0, 1, -0, 
0, 0.7071, 0.7071, 
0, 1, -0, 
0, 1, -0, 
0, 1, -0, 
0, 1, -0, 
0, 1, -0, 
0, 1, -0, 
0, 1, -0, 
0, 1, -0, 
0, 1, -0, 
0, 1, -0, 
0.5, 0.7071, -0.5, 
0, 1, -0, 
0.2275, 0.8042, -0.5491, 
0, 1, -0, 
0, 1, -0, 
0.5491, 0.8042, -0.2275, 
0, 1, -0, 
0, 0.7071, 0.7071, 
0, 0.7071, 0.7071, 
0, 1, -0, 
0, 1, -0, 
0.3015, 0.9045, 0.3015, 
0, 1, -0, 
0, 0.7071, 0.7071, 
-0.3015, 0.9045, 0.3015, 
0, 1, -0, 
0, 0.7071, 0.7071, 
0, 0.7071, 0.7071, 
0, 1, -0, 
0, 1, -0, 
0, 1, -0, 
0.5, 0.7071, -0.5, 
0, 1, -0, 
0.5, 0.7071, -0.5, 
0, 1, -0, 
0, 1, -0, 
0, 1, -0, 
0, 1, -0, 
0, 1, -0, 
0, 1, -0, 
0, 1, -0, 
0, 1, -0, 
0, 1, -0, 
0, 1, -0, 
0, 1, -0, 
0, 1, -0, 
0.5, 0.7071, -0.5, 
0, 1, -0, 
0.5, 0.7071, -0.5, 
0.5, 0.7071, -0.5, 
0, 1, -0, 
0, 1, -0, 
0, 1, -0, 
0, 1, -0, 
0, 1, -0, 
0, 1, -0, 
0, 1, -0, 
0, 1, -0, 
0, 1, -0, 
0, 1, -0, 
0, 1, -0, 
0, 1, -0, 
0, 1, -0, 
0, 1, -0, 
-0.7071, 0.7071, -0, 
-0.7071, 0.7071, -0, 
0, 1, -0, 
-0.3015, 0.9045, -0.3015, 
0, 1, -0, 
0, 1, -0, 
-0.3015, 0.9045, -0.3015, 
0, 0.7071, -0.7071, 
0, 1, -0, 
0, 0.7071, -0.7071, 
0, 1, -0, 
0, 1, -0, 
-0.3015, 0.9045, 0.3015, 
-0.7071, 0.7071, -0, 
0, 1, -0, 
-0.7071, 0.7071, -0, 
-0.7071, 0.7071, -0, 
0, 1, -0, 
0.3015, 0.9045, 0.3015, 
0, 1, -0, 
0.7071, 0.7071, -0, 
0, 1, -0, 
0, 1, -0, 
0.7071, 0.7071, -0, 
0.5491, 0.8042, -0.2275, 
0, 1, -0, 
0.5, 0.7071, -0.5, 
0.5491, 0.8042, -0.2275, 
0, 1, -0, 
0, 1, -0, 
0, 1, -0, 
0, 1, -0, 
0, 1, -0, 
0.2275, 0.8042, -0.5491, 
0, 1, -0, 
0, 1, -0, 
0.2275, 0.8042, -0.5491, 
0, 1, -0, 
0, 1, -0, 
0, 1, -0, 
0, 1, -0, 
0, 1, -0, 
0, 1, -0, 
0, 1, -0, 
0, 1, -0, 
0, 1, -0, 
0, 1, -0, 
0, 1, -0, 
0, 1, -0, 
0, 1, -0, 
0, 1, -0, 
0, 1, -0, 
0, 1, -0, 
0.5, 0.7071, -0.5, 
0, 1, -0, 
0, 1, -0, 
0, 1, -0, 
0, 1, -0, 
0, 1, -0, 
0, 1, -0, 
0, 0.7071, 0.7071, 
0, 0.7071, 0.7071, 
0, 0.7071, 0.7071, 
0.5491, 0.8042, -0.2275, 
0.7071, 0.7071, -0, 
0.7071, 0.7071, -0, 
0, 0.7071, -0.7071, 
0.2971, 0.6303, -0.7173, 
0.2275, 0.8042, -0.5491, 
0, 1, -0, 
0, 1, -0, 
0.5, 0.7071, -0.5, 
0, 1, -0, 
0, 1, -0, 
0, 1, -0, 
0, 1, -0, 
0, 1, -0, 
0, 1, -0, 
0.3015, 0.9045, 0.3015, 
0, 0.7071, 0.7071, 
0, 0.7071, 0.7071, 
0.5, 0.7071, -0.5, 
0.5, 0.7071, -0.5, 
0.5, 0.7071, -0.5, 
-0.7071, 0.7071, -0, 
-0.7071, 0.7071, -0, 
-0.7071, 0.7071, -0, 
-0.7071, 0.7071, -0, 
0, 1, -0, 
0, 1, -0, 
-0.7071, 0.7071, -0, 
-0.7071, 0.7071, -0, 
0, 1, -0, 
-0.7071, 0.7071, -0, 
0, 1, -0, 
0, 1, -0, 
-0.7071, 0.7071, -0, 
0, 1, -0, 
0, 1, -0, 
-0.7071, 0.7071, -0, 
-0.3015, 0.9045, -0.3015, 
0, 1, -0, 
-0.3015, 0.9045, -0.3015, 
0, 1, -0, 
0, 1, -0, 
0, 1, -0, 
0, 0.7071, 0.7071, 
0, 1, -0, 
0, 1, -0, 
0, 0.7071, 0.7071, 
0, 0.7071, 0.7071, 
-0.7071, 0.7071, -0, 
-0.7071, 0.7071, -0, 
-0.7071, 0.7071, -0, 
0, 1, -0, 
0, 1, -0, 
0, 1, -0, 
0, 1, -0, 
-0.3015, 0.9045, 0.3015, 
0, 1, -0, 
-0.3015, 0.9045, 0.3015, 
0, 1, -0, 
0, 1, -0, 
-0.7071, 0.7071, -0, 
0, 1, -0, 
0, 1, -0, 
-0.7071, 0.7071, -0, 
-0.7071, 0.7071, -0, 
0, 1, -0, 
-0.7071, 0.7071, -0, 
0, 1, -0, 
0, 1, -0, 
0, 1, -0, 
0, 0.7071, 0.7071, 
0, 1, -0, 
0, 1, -0, 
0.3015, 0.9045, 0.3015, 
0, 0.7071, 0.7071, 
0, 0.7071, 0.7071, 
0, 0.7071, 0.7071, 
0, 0.7071, 0.7071, 
0, 1, -0, 
0, 0.7071, 0.7071, 
0, 1, -0, 
0, 1, -0, 
0, 0.7071, 0.7071, 
0, 0.7071, 0.7071, 
0, 0.7071, 0.7071, 
0, 0.7071, 0.7071, 
0, 0.7071, 0.7071, 
-0.3015, 0.9045, -0.3015, 
0, 0.7071, -0.7071, 
0, 0.7071, -0.7071, 
0.5, 0.7071, -0.5, 
0.7173, 0.6303, -0.2971, 
0.5491, 0.8042, -0.2275, 
0, 0.7071, 0.7071, 
-0.5774, 0.5774, 0.5774, 
-0.3015, 0.9045, 0.3015, 
0.5, 0.7071, -0.5, 
0.5, 0.7071, -0.5, 
0.5, 0.7071, -0.5, 
-0.7071, 0.7071, -0, 
-0.7071, 0.7071, -0, 
-0.7071, 0.7071, -0, 
-0.3015, 0.9045, 0.3015, 
-0.7071, 0.7071, -0, 
-0.7071, 0.7071, -0, 
0.2275, 0.8042, -0.5491, 
0.5, 0.7071, -0.5, 
0.5, 0.7071, -0.5, 
0, 0.7071, 0.7071, 
0, 0.7071, 0.7071, 
0, 0.7071, 0.7071, 
0.7071, 0.7071, -0, 
0.5774, 0.5774, 0.5774, 
0.3015, 0.9045, 0.3015, 
-0.7071, 0.7071, -0, 
-0.5774, 0.5774, -0.5774, 
-0.3015, 0.9045, -0.3015, 
-0.7071, 0.7071, -0, 
-0.7071, 0.7071, -0, 
-0.7071, 0.7071, -0, 
0.2275, 0.8042, -0.5491, 
0, 1, -0, 
0, 0.7071, -0.7071, 
0, 1, -0, 
0, 1, -0, 
0, 1, -0, 
0, 1, -0, 
0, 1, -0, 
0, 1, -0, 
0, 1, -0, 
0, 1, -0, 
0, 1, -0, 
0.5, 0.7071, -0.5, 
0.2971, 0.6303, -0.7173, 
0, 1, -0, 
0, 1, -0, 
0, 1, -0, 
0, 1, -0, 
0, 1, -0, 
0, 1, -0, 
0, 1, -0, 
0, 1, -0, 
-0.7071, 0.7071, -0, 
-0.7071, 0.7071, -0, 
0, 1, -0, 
-0.5774, 0.5774, -0.5774, 
-0.7071, 0.7071, -0, 
0, 1, -0, 
-0.7071, 0.7071, -0, 
-0.7071, 0.7071, -0, 
0, 1, -0, 
0, 1, -0, 
0, 1, -0, 
0.5, 0.7071, -0.5, 
0.5, 0.7071, -0.5, 
0, 1, -0, 
0, 1, -0, 
0, 1, -0, 
0, 1, -0, 
0, 1, -0, 
0, 1, -0, 
0, 1, -0, 
0, 1, -0, 
0, 1, -0, 
-0.7071, 0.7071, -0, 
0, 1, -0, 
0, 0.7071, -0.7071, 
-0.5774, 0.5774, -0.5774, 
0, 1, -0, 
0, 1, -0, 
-0.7071, 0.7071, -0, 
0, 1, -0, 
0, 1, -0, 
0, 1, -0, 
0, 1, -0, 
0, 1, -0, 
0, 1, -0, 
0, 1, -0, 
0, 1, -0, 
0, 1, -0, 
0, 1, -0, 
0.5, 0.7071, -0.5, 
0, 1, -0, 
-0.7071, 0.7071, -0, 
0, 1, -0, 
-0.7071, 0.7071, -0, 
0, 1, -0, 
0, 1, -0, 
-0.7071, 0.7071, -0, 
0, 0.7071, 0.7071, 
0, 1, -0, 
0, 1, -0, 
0, 0.7071, 0.7071, 
0, 0.7071, 0.7071, 
0, 1, -0, 
0, 0.7071, 0.7071, 
0, 1, -0, 
0, 1, -0, 
-0.5774, 0.5774, 0.5774, 
0, 0.7071, 0.7071, 
-0.7071, 0.7071, -0, 
0, 0.7071, 0.7071, 
0, 1, -0, 
-0.7071, 0.7071, -0, 
-0.7071, 0.7071, -0, 
0, 1, -0, 
-0.7071, 0.7071, -0, 
0, 1, -0, 
0, 1, -0, 
-0.7071, 0.7071, -0, 
0.5774, 0.5774, 0.5774, 
0.7071, 0.7071, -0, 
0, 1, -0, 
0, 0.7071, 0.7071, 
0, 1, -0, 
0, 1, -0, 
0, 0.7071, 0.7071, 
0, 0.7071, 0.7071, 
0, 1, -0, 
0, 0.7071, 0.7071, 
0, 1, -0, 
0, 1, -0, 
0, 1, -0, 
0, 1, -0, 
0, 1, -0, 
0, 1, -0, 
0, 1, -0, 
0, 1, -0, 
0, 1, -0, 
0.5, 0.7071, -0.5, 
0, 1, -0, 
0, 1, -0, 
0, 1, -0, 
0, 1, -0, 
0, 1, -0, 
0, 1, -0, 
0, 1, -0, 
0, 1, -0, 
0, 1, -0, 
0, 1, -0, 
0, 1, -0, 
0, 1, -0, 
0, 1, -0, 
0, 1, -0, 
0.5, 0.7071, -0.5, 
0, 1, -0, 
0.5, 0.7071, -0.5, 
0.5, 0.7071, -0.5, 
0, 1, -0, 
0, 1, -0, 
0, 1, -0, 
0, 1, -0, 
0, 1, -0, 
0, 1, -0, 
0, 1, -0, 
0, 1, -0, 
0, 1, -0, 
0, 1, -0, 
0, 0.7071, 0.7071, 
0, 1, -0, 
0, 0.7071, 0.7071, 
0.5774, 0.5774, 0.5774, 
0, 1, -0, 
0, 0.7071, 0.7071, 
0, 0.7071, 0.7071, 
0, 1, -0, 
0, 0.7071, 0.7071, 
0, 1, -0, 
0, 1, -0, 
0, 1, -0, 
0, 1, -0, 
0, 1, -0, 
0, 1, -0, 
0, 1, -0, 
0, 1, -0, 
0, 1, -0, 
0.7071, 0.7071, -0, 
0, 1, -0, 
0, 1, -0, 
0.7071, 0.7071, -0, 
0.7173, 0.6303, -0.2971, 
0, 1, -0, 
0.7173, 0.6303, -0.2971, 
0.5, 0.7071, -0.5, 
0, 1, -0, 
0, 1, -0, 
0, 1, -0, 
0, 1, -0, 
0, 1, -0, 
0, 1, -0, 
0, 1, -0, 
0, 1, -0, 
0, 1, -0, 
0, 1, -0, 
0, 1, -0, 
0, 0.7071, -0.7071, 
0, 1, -0, 
0, 1, -0, 
0.2971, 0.6303, -0.7173, 
0, 0.7071, -0.7071, 
0, 0.7071, 0.7071, 
0, 0.7071, 0.7071, 
0, 0.7071, 0.7071, 
0.5491, 0.8042, -0.2275, 
0.7173, 0.6303, -0.2971, 
0.7071, 0.7071, -0, 
0, 0.7071, -0.7071, 
0, 0.7071, -0.7071, 
0.2971, 0.6303, -0.7173, 
0.3015, 0.9045, 0.3015, 
0.5774, 0.5774, 0.5774, 
0, 0.7071, 0.7071, 
0.5, 0.7071, -0.5, 
0.5, 0.7071, -0.5, 
0.5, 0.7071, -0.5, 
-0.7071, 0.7071, -0, 
-0.7071, 0.7071, -0, 
-0.7071, 0.7071, -0, 
-0.7071, 0.7071, -0, 
-0.7071, 0.7071, -0, 
-0.7071, 0.7071, -0, 
0, 0.7071, 0.7071, 
0, 0.7071, 0.7071, 
0, 0.7071, 0.7071, 
0, 0.7071, 0.7071, 
0, 0.7071, 0.7071, 
0, 0.7071, 0.7071, 
-0.3015, 0.9045, -0.3015, 
-0.5774, 0.5774, -0.5774, 
0, 0.7071, -0.7071, 
0.5, 0.7071, -0.5, 
0.5, 0.7071, -0.5, 
0.7173, 0.6303, -0.2971, 
0, 0.7071, 0.7071, 
0, 0.7071, 0.7071, 
-0.5774, 0.5774, 0.5774, 
0.5, 0.7071, -0.5, 
0.5, 0.7071, -0.5, 
0.5, 0.7071, -0.5, 
-0.7071, 0.7071, -0, 
-0.7071, 0.7071, -0, 
-0.7071, 0.7071, -0, 
-0.3015, 0.9045, 0.3015, 
-0.5774, 0.5774, 0.5774, 
-0.7071, 0.7071, -0, 
0.2275, 0.8042, -0.5491, 
0.2971, 0.6303, -0.7173, 
0.5, 0.7071, -0.5, 
0, 0.7071, 0.7071, 
0, 0.7071, 0.7071, 
0, 0.7071, 0.7071, 
0.7071, 0.7071, -0, 
0.7071, 0.7071, -0, 
0.5774, 0.5774, 0.5774, 
-0.7071, 0.7071, -0, 
-0.7071, 0.7071, -0, 
-0.5774, 0.5774, -0.5774, 
-0.7071, 0.7071, -0, 
-0.7071, 0.7071, -0, 
-0.7071, 0.7071, -0, 
]);
var cu = new Float32Array([
0.002733, 0.634852, 
0.187584, 0.816429, 
0.187584, 0.634852, 
0.002733, 0.638142, 
0.187584, 0.818091, 
0.187584, 0.638142, 
0.372435, 0.994816, 
0.187601, 0.816479, 
0.187601, 0.994816, 
0.002733, 0.994816, 
0.187584, 0.816479, 
0.187584, 0.994816, 
0.369212, 0.994816, 
0.187634, 0.816479, 
0.187634, 0.994816, 
0.002766, 0.994816, 
0.185989, 0.816479, 
0.185989, 0.994816, 
0.372435, 0.634852, 
0.187601, 0.816429, 
0.187601, 0.634852, 
0.002733, 0.998039, 
0.187584, 0.816445, 
0.187584, 0.998039, 
0.002733, 0.634852, 
0.002733, 0.816429, 
0.187584, 0.816429, 
0.002766, 0.634852, 
0.002766, 0.816429, 
0.185989, 0.816429, 
0.002733, 0.638142, 
0.002733, 0.818091, 
0.187584, 0.818091, 
0.372435, 0.994816, 
0.372435, 0.816479, 
0.187601, 0.816479, 
0.002733, 0.994816, 
0.002733, 0.816479, 
0.187584, 0.816479, 
0.369212, 0.994816, 
0.369212, 0.816479, 
0.187634, 0.816479, 
0.002766, 0.994816, 
0.002766, 0.816479, 
0.185989, 0.816479, 
0.372435, 0.634852, 
0.372435, 0.816429, 
0.187601, 0.816429, 
0.372435, 0.998039, 
0.372435, 0.816445, 
0.187601, 0.816445, 
0.002733, 0.998039, 
0.002733, 0.816445, 
0.187584, 0.816445, 
0.187584, 0.816445, 
0.187584, 0.634852, 
0.372435, 0.634852, 
0.187584, 0.816445, 
0.002733, 0.816445, 
0.187584, 0.634852, 
0.002733, 0.816445, 
0.002733, 0.634852, 
0.187584, 0.634852, 
0.187601, 0.816445, 
0.187601, 0.634852, 
0.002766, 0.634852, 
0.187601, 0.816445, 
0.372435, 0.816445, 
0.187601, 0.634852, 
0.372435, 0.816445, 
0.372435, 0.634852, 
0.187601, 0.634852, 
0.187601, 0.816429, 
0.187601, 0.998006, 
0.002766, 0.998006, 
0.187601, 0.816429, 
0.372435, 0.816429, 
0.187601, 0.998006, 
0.372435, 0.816429, 
0.372435, 0.998006, 
0.187601, 0.998006, 
0.187634, 0.816445, 
0.187634, 0.634852, 
0.006056, 0.634852, 
0.187634, 0.816429, 
0.187634, 0.998006, 
0.006056, 0.998006, 
0.187634, 0.816429, 
0.369212, 0.816429, 
0.187634, 0.998006, 
0.369212, 0.816429, 
0.369212, 0.998006, 
0.187634, 0.998006, 
0.187634, 0.816479, 
0.187634, 0.638142, 
0.006056, 0.638142, 
0.187634, 0.818091, 
0.187634, 0.998039, 
0.006056, 0.998039, 
0.187584, 0.816479, 
0.002733, 0.816479, 
0.187584, 0.638142, 
0.002733, 0.816479, 
0.002733, 0.638142, 
0.187584, 0.638142, 
0.187584, 0.818091, 
0.187584, 0.998039, 
0.372435, 0.998039, 
0.187584, 0.818091, 
0.002733, 0.818091, 
0.187584, 0.998039, 
0.002733, 0.818091, 
0.002733, 0.998039, 
0.187584, 0.998039, 
0.185989, 0.816429, 
0.185989, 0.998006, 
0.369212, 0.998006, 
0.185989, 0.816429, 
0.002766, 0.816429, 
0.185989, 0.998006, 
0.002766, 0.816429, 
0.002766, 0.998006, 
0.185989, 0.998006, 
0.187584, 0.816429, 
0.187584, 0.998006, 
0.372435, 0.998006, 
0.187584, 0.816429, 
0.002733, 0.816429, 
0.187584, 0.998006, 
0.002733, 0.816429, 
0.002733, 0.998006, 
0.187584, 0.998006, 
0.187584, 0.998039, 
0.372435, 0.816445, 
0.372435, 0.998039, 
0.187584, 0.998039, 
0.187584, 0.816445, 
0.372435, 0.816445, 
0.187584, 0.816445, 
0.372435, 0.634852, 
0.372435, 0.816445, 
0.002766, 0.816479, 
0.185989, 0.816479, 
0.185989, 0.816479, 
0.187584, 0.818091, 
0.187584, 0.638142, 
0.187584, 0.638142, 
0.369212, 0.816429, 
0.185989, 0.816429, 
0.185989, 0.816429, 
0.187601, 0.634852, 
0.002766, 0.816429, 
0.002766, 0.634852, 
0.187601, 0.634852, 
0.187601, 0.816429, 
0.002766, 0.816429, 
0.187601, 0.816429, 
0.002766, 0.998006, 
0.002766, 0.816429, 
0.187584, 0.816479, 
0.372435, 0.816479, 
0.372435, 0.816479, 
0.187601, 0.816445, 
0.372435, 0.998039, 
0.372435, 0.998039, 
0.187634, 0.998039, 
0.187634, 0.816445, 
0.187634, 0.816445, 
0.187634, 0.998039, 
0.006056, 0.816445, 
0.006056, 0.998039, 
0.187634, 0.998039, 
0.187634, 0.816445, 
0.006056, 0.816445, 
0.187634, 0.816445, 
0.006056, 0.634852, 
0.006056, 0.816445, 
0.187634, 0.634852, 
0.006056, 0.816429, 
0.006056, 0.634852, 
0.187634, 0.634852, 
0.187634, 0.816429, 
0.006056, 0.816429, 
0.187634, 0.816429, 
0.006056, 0.998006, 
0.006056, 0.816429, 
0.185989, 0.994816, 
0.369212, 0.816479, 
0.369212, 0.994816, 
0.185989, 0.994816, 
0.185989, 0.816479, 
0.369212, 0.816479, 
0.187634, 0.818091, 
0.187634, 0.998039, 
0.187634, 0.998039, 
0.187634, 0.994816, 
0.006056, 0.816479, 
0.006056, 0.994816, 
0.187634, 0.994816, 
0.187634, 0.816479, 
0.006056, 0.816479, 
0.187634, 0.816479, 
0.006056, 0.638142, 
0.006056, 0.816479, 
0.187634, 0.638142, 
0.006056, 0.818091, 
0.006056, 0.638142, 
0.187634, 0.638142, 
0.187634, 0.818091, 
0.006056, 0.818091, 
0.187634, 0.818091, 
0.006056, 0.998039, 
0.006056, 0.818091, 
0.187584, 0.994816, 
0.372435, 0.816479, 
0.372435, 0.994816, 
0.187584, 0.994816, 
0.187584, 0.816479, 
0.372435, 0.816479, 
0.372435, 0.816479, 
0.187601, 0.816479, 
0.187601, 0.816479, 
0.187601, 0.994816, 
0.002766, 0.816479, 
0.002766, 0.994816, 
0.187601, 0.994816, 
0.187601, 0.816479, 
0.002766, 0.816479, 
0.185989, 0.816479, 
0.369212, 0.816479, 
0.369212, 0.816479, 
0.187634, 0.816429, 
0.369212, 0.816429, 
0.369212, 0.816429, 
0.372435, 0.998039, 
0.187584, 0.818091, 
0.187584, 0.818091, 
0.369212, 0.816479, 
0.187634, 0.816479, 
0.187634, 0.816479, 
0.002766, 0.634852, 
0.187601, 0.816445, 
0.187601, 0.816445, 
0.187634, 0.638142, 
0.187634, 0.818091, 
0.187634, 0.818091, 
0.187634, 0.816479, 
0.187634, 0.638142, 
0.187634, 0.638142, 
0.185989, 0.816429, 
0.002766, 0.634852, 
0.002766, 0.634852, 
0.187601, 0.816479, 
0.002766, 0.816479, 
0.002766, 0.816479, 
0.187584, 0.638142, 
0.187584, 0.816479, 
0.187584, 0.816479, 
0.187634, 0.634852, 
0.187634, 0.816429, 
0.187634, 0.816429, 
0.187634, 0.816445, 
0.187634, 0.634852, 
0.187634, 0.634852, 
0.185989, 0.816429, 
0.369212, 0.998006, 
0.369212, 0.816429, 
0.187584, 0.634852, 
0.372435, 0.816429, 
0.372435, 0.634852, 
0.187584, 0.634852, 
0.187584, 0.816429, 
0.372435, 0.816429, 
0.187584, 0.816429, 
0.372435, 0.998006, 
0.372435, 0.816429, 
0.380567, 0.682054, 
0.537575, 0.837651, 
0.537575, 0.682054, 
0.380567, 0.684874, 
0.537575, 0.839076, 
0.537575, 0.684874, 
0.697344, 0.684874, 
0.538956, 0.839076, 
0.538956, 0.684874, 
0.694582, 0.684874, 
0.538984, 0.839076, 
0.538984, 0.684874, 
0.694582, 0.682054, 
0.538984, 0.837651, 
0.538984, 0.682054, 
0.694582, 0.993277, 
0.538984, 0.837666, 
0.538984, 0.993277, 
0.380567, 0.993277, 
0.537575, 0.837666, 
0.537575, 0.993277, 
0.697344, 0.993277, 
0.538956, 0.837666, 
0.538956, 0.993277, 
0.380567, 0.684874, 
0.380567, 0.839076, 
0.537575, 0.839076, 
0.697344, 0.684874, 
0.697344, 0.839076, 
0.538956, 0.839076, 
0.694582, 0.684874, 
0.694582, 0.839076, 
0.538984, 0.839076, 
0.694582, 0.682054, 
0.694582, 0.837651, 
0.538984, 0.837651, 
0.694582, 0.993277, 
0.694582, 0.837666, 
0.538984, 0.837666, 
0.380567, 0.993277, 
0.380567, 0.837666, 
0.537575, 0.837666, 
0.537575, 0.837666, 
0.537575, 0.682054, 
0.694582, 0.682054, 
0.537575, 0.837666, 
0.380567, 0.837666, 
0.537575, 0.682054, 
0.380567, 0.837666, 
0.380567, 0.682054, 
0.537575, 0.682054, 
0.538984, 0.837666, 
0.694582, 0.837666, 
0.538984, 0.682054, 
0.694582, 0.837666, 
0.694582, 0.682054, 
0.538984, 0.682054, 
0.537575, 0.837695, 
0.537575, 0.684874, 
0.694582, 0.684874, 
0.537575, 0.837695, 
0.380567, 0.837695, 
0.537575, 0.684874, 
0.380567, 0.837695, 
0.380567, 0.684874, 
0.537575, 0.684874, 
0.538984, 0.837695, 
0.694582, 0.837695, 
0.538984, 0.684874, 
0.694582, 0.837695, 
0.694582, 0.684874, 
0.538984, 0.684874, 
0.538984, 0.839076, 
0.694582, 0.839076, 
0.538984, 0.993277, 
0.694582, 0.839076, 
0.694582, 0.993277, 
0.538984, 0.993277, 
0.538942, 0.837695, 
0.538942, 0.684874, 
0.697344, 0.684874, 
0.538956, 0.837695, 
0.538956, 0.684874, 
0.380567, 0.684874, 
0.538956, 0.837695, 
0.697344, 0.837695, 
0.538956, 0.684874, 
0.697344, 0.837695, 
0.697344, 0.684874, 
0.538956, 0.684874, 
0.538956, 0.839076, 
0.538956, 0.993277, 
0.380567, 0.993277, 
0.538956, 0.839076, 
0.697344, 0.839076, 
0.538956, 0.993277, 
0.697344, 0.839076, 
0.697344, 0.993277, 
0.538956, 0.993277, 
0.537575, 0.839076, 
0.537575, 0.993277, 
0.694582, 0.993277, 
0.537575, 0.839076, 
0.380567, 0.839076, 
0.537575, 0.993277, 
0.380567, 0.839076, 
0.380567, 0.993277, 
0.537575, 0.993277, 
0.538956, 0.993277, 
0.380567, 0.837666, 
0.380567, 0.993277, 
0.538956, 0.993277, 
0.538956, 0.837666, 
0.380567, 0.837666, 
0.538956, 0.837666, 
0.380567, 0.682054, 
0.380567, 0.837666, 
0.537575, 0.993277, 
0.694582, 0.837666, 
0.694582, 0.993277, 
0.537575, 0.993277, 
0.537575, 0.837666, 
0.694582, 0.837666, 
0.537575, 0.837666, 
0.694582, 0.682054, 
0.694582, 0.837666, 
0.537575, 0.837695, 
0.694582, 0.684874, 
0.694582, 0.837695, 
0.538942, 0.837695, 
0.697344, 0.684874, 
0.697344, 0.837695, 
0.538956, 0.837695, 
0.380567, 0.684874, 
0.380567, 0.837695, 
0.538956, 0.684874, 
0.380567, 0.839076, 
0.380567, 0.684874, 
0.538956, 0.684874, 
0.538956, 0.839076, 
0.380567, 0.839076, 
0.538956, 0.839076, 
0.380567, 0.993277, 
0.380567, 0.839076, 
0.538942, 0.684874, 
0.697344, 0.839076, 
0.697344, 0.684874, 
0.538942, 0.684874, 
0.538942, 0.839076, 
0.697344, 0.839076, 
0.538942, 0.839076, 
0.697344, 0.993277, 
0.697344, 0.839076, 
0.537575, 0.684874, 
0.694582, 0.839076, 
0.694582, 0.684874, 
0.537575, 0.684874, 
0.537575, 0.839076, 
0.694582, 0.839076, 
0.537575, 0.839076, 
0.694582, 0.993277, 
0.694582, 0.839076, 
0.537575, 0.682054, 
0.694582, 0.837651, 
0.694582, 0.682054, 
0.537575, 0.682054, 
0.537575, 0.837651, 
0.694582, 0.837651, 
0.002766, 0.816479, 
0.002766, 0.816479, 
0.185989, 0.816479, 
0.187584, 0.818091, 
0.187584, 0.818091, 
0.187584, 0.638142, 
0.369212, 0.816429, 
0.369212, 0.816429, 
0.185989, 0.816429, 
0.187584, 0.816479, 
0.187584, 0.816479, 
0.372435, 0.816479, 
0.187601, 0.816445, 
0.187601, 0.816445, 
0.372435, 0.998039, 
0.187634, 0.998039, 
0.187634, 0.998039, 
0.187634, 0.816445, 
0.187634, 0.818091, 
0.187634, 0.818091, 
0.187634, 0.998039, 
0.372435, 0.816479, 
0.372435, 0.816479, 
0.187601, 0.816479, 
0.185989, 0.816479, 
0.185989, 0.816479, 
0.369212, 0.816479, 
0.187634, 0.816429, 
0.187634, 0.816429, 
0.369212, 0.816429, 
0.372435, 0.998039, 
0.372435, 0.998039, 
0.187584, 0.818091, 
0.369212, 0.816479, 
0.369212, 0.816479, 
0.187634, 0.816479, 
0.002766, 0.634852, 
0.002766, 0.634852, 
0.187601, 0.816445, 
0.187634, 0.638142, 
0.187634, 0.638142, 
0.187634, 0.818091, 
0.187634, 0.816479, 
0.187634, 0.816479, 
0.187634, 0.638142, 
0.185989, 0.816429, 
0.185989, 0.816429, 
0.002766, 0.634852, 
0.187601, 0.816479, 
0.187601, 0.816479, 
0.002766, 0.816479, 
0.187584, 0.638142, 
0.187584, 0.638142, 
0.187584, 0.816479, 
0.187634, 0.634852, 
0.187634, 0.634852, 
0.187634, 0.816429, 
0.187634, 0.816445, 
0.187634, 0.816445, 
0.187634, 0.634852, 
]);
