var dv = new Float32Array([
5, -0, -2.5, 
3.75, -0, -3.75, 
3.75, -0, -2.5, 
5, 0, 2.5, 
3.75, 0, 1.25, 
3.75, 0, 2.5, 
2.5, 0, 5, 
1.25, 0, 3.75, 
1.25, 0, 5, 
5, 0, 5, 
3.75, 0, 3.75, 
3.75, 0, 5, 
-2.5, 0, 5, 
-3.75, 0, 3.75, 
-3.75, 0, 5, 
0, 0, 5, 
-1.25, 0, 3.75, 
-1.25, 0, 5, 
5, 0, 0, 
3.75, -0, -1.25, 
3.75, 0, 0, 
5, -0, -2.5, 
5, -0, -3.75, 
3.75, -0, -3.75, 
5, 0, 2.5, 
5, 0, 1.25, 
3.75, 0, 1.25, 
2.5, 0, 5, 
2.5, 0, 3.75, 
1.25, 0, 3.75, 
5, 0, 5, 
5, 0, 3.75, 
3.75, 0, 3.75, 
-2.5, 0, 5, 
-2.5, 0, 3.75, 
-3.75, 0, 3.75, 
0, 0, 5, 
0, 0, 3.75, 
-1.25, 0, 3.75, 
5, 0, 0, 
5, -0, -1.25, 
3.75, -0, -1.25, 
3.75, -0, -1.25, 
5, -0, -1.25, 
3.75, -0, -2.5, 
5, -0, -1.25, 
5, -0, -2.5, 
3.75, -0, -2.5, 
1.25, -0, -3.75, 
1.25, -0, -5, 
0, -0, -5, 
1.25, -0, -3.75, 
2.5, -0, -3.75, 
1.25, -0, -5, 
2.5, -0, -3.75, 
2.5, -0, -5, 
1.25, -0, -5, 
-3.75, -0, -1.25, 
-3.75, -0, -2.5, 
-5, -0, -2.5, 
-3.75, -0, -3.75, 
-3.75, -0, -5, 
-5, -0, -5, 
-3.75, -0, -3.75, 
-2.5, -0, -3.75, 
-3.75, -0, -5, 
-2.5, -0, -3.75, 
-2.5, -0, -5, 
-3.75, -0, -5, 
-3.75, 0, 3.75, 
-3.75, 0, 2.5, 
-5, 0, 2.5, 
-3.75, 0, 1.25, 
-3.75, 0, 0, 
-5, 0, 0, 
3.75, 0, 3.75, 
5, 0, 3.75, 
3.75, 0, 2.5, 
5, 0, 3.75, 
5, 0, 2.5, 
3.75, 0, 2.5, 
3.75, 0, 1.25, 
5, 0, 1.25, 
3.75, 0, 0, 
5, 0, 1.25, 
5, 0, 0, 
3.75, 0, 0, 
-1.25, -0, -3.75, 
-1.25, -0, -5, 
-2.5, -0, -5, 
-1.25, -0, -3.75, 
0, -0, -3.75, 
-1.25, -0, -5, 
0, -0, -3.75, 
0, -0, -5, 
-1.25, -0, -5, 
3.75, -0, -3.75, 
3.75, -0, -5, 
2.5, -0, -5, 
3.75, -0, -3.75, 
5, -0, -3.75, 
3.75, -0, -5, 
5, -0, -3.75, 
5, -0, -5, 
3.75, -0, -5, 
-2.5, 0, 3.75, 
-3.75, 7.57409, 3.75, 
-3.75, 0, 3.75, 
1.25, -0, -3.75, 
2.5, 3.18314, -3.75, 
2.5, -0, -3.75, 
3.75, 0, 0, 
3.75, 3.18314, 1.25, 
3.75, 0, 1.25, 
-3.75, 0, 2.5, 
-3.75, 7.57409, 1.25, 
-3.75, 0, 1.25, 
-3.75, 0, 3.75, 
-3.75, 7.57409, 2.5, 
-3.75, 0, 2.5, 
1.25, -0, -3.75, 
0, -0, -5, 
0, -0, -3.75, 
2.5, -0, -3.75, 
3.75, 3.18314, -3.75, 
3.75, -0, -3.75, 
-1.25, -0, -3.75, 
0, 5.33048, -3.75, 
0, -0, -3.75, 
0, 0, 3.75, 
1.25, 4.20598, 3.75, 
0, 5.33049, 3.75, 
-3.75, 0, 0, 
-5, -0, -1.25, 
-5, 0, 0, 
-3.75, 0, 0, 
-3.75, -0, -1.25, 
-5, -0, -1.25, 
-3.75, -0, -1.25, 
-5, -0, -2.5, 
-5, -0, -1.25, 
-3.75, -0, -2.5, 
-5, -0, -3.75, 
-5, -0, -2.5, 
-3.75, -0, -2.5, 
-3.75, -0, -3.75, 
-5, -0, -3.75, 
-3.75, -0, -3.75, 
-5, -0, -5, 
-5, -0, -3.75, 
-1.25, 0, 5, 
-2.5, 0, 3.75, 
-2.5, 0, 5, 
-1.25, 0, 5, 
-1.25, 0, 3.75, 
-2.5, 0, 3.75, 
3.75, -0, -3.75, 
3.75, 3.18314, -2.5, 
3.75, -0, -2.5, 
-3.75, 0, 5, 
-5, 0, 3.75, 
-5, 0, 5, 
-3.75, 0, 5, 
-3.75, 0, 3.75, 
-5, 0, 3.75, 
-3.75, 0, 3.75, 
-5, 0, 2.5, 
-5, 0, 3.75, 
-3.75, 0, 2.5, 
-5, 0, 1.25, 
-5, 0, 2.5, 
-3.75, 0, 2.5, 
-3.75, 0, 1.25, 
-5, 0, 1.25, 
-3.75, 0, 1.25, 
-5, 0, 0, 
-5, 0, 1.25, 
3.75, 0, 5, 
2.5, 0, 3.75, 
2.5, 0, 5, 
3.75, 0, 5, 
3.75, 0, 3.75, 
2.5, 0, 3.75, 
3.75, 0, 2.5, 
3.75, 3.18314, 3.75, 
3.75, 0, 3.75, 
1.25, 0, 5, 
0, 0, 3.75, 
0, 0, 5, 
1.25, 0, 5, 
1.25, 0, 3.75, 
0, 0, 3.75, 
-3.75, -0, -2.5, 
-3.75, 7.57409, -3.75, 
-3.75, -0, -3.75, 
3.75, -0, -1.25, 
3.75, 3.18314, -0, 
3.75, 0, 0, 
-3.75, -0, -1.25, 
-3.75, 7.57409, -2.5, 
-3.75, -0, -2.5, 
-1.25, 0, 3.75, 
0, 5.33049, 3.75, 
-1.25, 6.87635, 3.75, 
0, -0, -3.75, 
1.25, 4.20597, -3.75, 
1.25, -0, -3.75, 
3.75, 0, 1.25, 
3.75, 3.18314, 2.5, 
3.75, 0, 2.5, 
-2.5, -0, -3.75, 
-1.25, 6.87635, -3.75, 
-1.25, -0, -3.75, 
3.75, 0, 3.75, 
2.5, 3.18314, 3.75, 
2.5, 0, 3.75, 
-3.75, 0, 1.25, 
-3.75, 7.57409, -0, 
-3.75, 0, 0, 
-3.75, 0, 0, 
-3.75, 7.57409, -1.25, 
-3.75, -0, -1.25, 
1.25, 0, 3.75, 
2.5, 3.18314, 3.75, 
1.25, 4.20598, 3.75, 
-2.5, 0, 3.75, 
-1.25, 6.87635, 3.75, 
-2.5, 7.57409, 3.75, 
-1.25, -0, -3.75, 
-2.5, -0, -5, 
-2.5, -0, -3.75, 
-3.75, -0, -3.75, 
-2.5, 7.57409, -3.75, 
-2.5, -0, -3.75, 
3.75, -0, -2.5, 
3.75, 3.18314, -1.25, 
3.75, -0, -1.25, 
3.75, -0, -3.75, 
2.5, -0, -5, 
2.5, -0, -3.75, 
0, 5.33048, -2.5, 
-1.25, 6.87635, -3.75, 
-1.25, 6.87635, -2.5, 
0, 5.33048, 2.5, 
-1.25, 6.87635, 1.25, 
-1.25, 6.87635, 2.5, 
2.5, 3.18314, 2.5, 
1.25, 4.20597, 1.25, 
1.25, 4.20597, 2.5, 
-2.5, 7.57409, 2.5, 
-3.75, 7.57409, 1.25, 
-3.75, 7.57409, 2.5, 
-2.5, 7.57409, -2.5, 
-3.75, 7.57409, -3.75, 
-3.75, 7.57409, -2.5, 
-2.5, 7.57409, -0, 
-3.75, 7.57409, -1.25, 
-3.75, 7.57409, -0, 
0, 5.33048, -0, 
-1.25, 6.87635, -1.25, 
-1.25, 6.87635, -0, 
2.5, 3.18314, -2.5, 
1.25, 4.20597, -3.75, 
1.25, 4.20597, -2.5, 
2.5, 3.18314, -0, 
1.25, 4.20597, -1.25, 
1.25, 4.20597, -0, 
0, 5.33048, -2.5, 
0, 5.33048, -3.75, 
-1.25, 6.87635, -3.75, 
0, 5.33048, 2.5, 
0, 5.33048, 1.25, 
-1.25, 6.87635, 1.25, 
2.5, 3.18314, 2.5, 
2.5, 3.18314, 1.25, 
1.25, 4.20597, 1.25, 
-2.5, 7.57409, 2.5, 
-2.5, 7.57409, 1.25, 
-3.75, 7.57409, 1.25, 
-2.5, 7.57409, -2.5, 
-2.5, 7.57409, -3.75, 
-3.75, 7.57409, -3.75, 
-2.5, 7.57409, -0, 
-2.5, 7.57409, -1.25, 
-3.75, 7.57409, -1.25, 
0, 5.33048, -0, 
0, 5.33048, -1.25, 
-1.25, 6.87635, -1.25, 
2.5, 3.18314, -2.5, 
2.5, 3.18314, -3.75, 
1.25, 4.20597, -3.75, 
2.5, 3.18314, -0, 
2.5, 3.18314, -1.25, 
1.25, 4.20597, -1.25, 
3.75, 3.18314, -1.25, 
3.75, 3.18314, -2.5, 
2.5, 3.18314, -2.5, 
1.25, 4.20597, -1.25, 
1.25, 4.20597, -2.5, 
0, 5.33048, -2.5, 
1.25, 4.20597, -1.25, 
2.5, 3.18314, -1.25, 
1.25, 4.20597, -2.5, 
2.5, 3.18314, -1.25, 
2.5, 3.18314, -2.5, 
1.25, 4.20597, -2.5, 
-1.25, 6.87635, -1.25, 
-1.25, 6.87635, -2.5, 
-2.5, 7.57409, -2.5, 
-1.25, 6.87635, -1.25, 
0, 5.33048, -1.25, 
-1.25, 6.87635, -2.5, 
0, 5.33048, -1.25, 
0, 5.33048, -2.5, 
-1.25, 6.87635, -2.5, 
-3.75, 7.57409, -1.25, 
-2.5, 7.57409, -1.25, 
-3.75, 7.57409, -2.5, 
-2.5, 7.57409, -1.25, 
-2.5, 7.57409, -2.5, 
-3.75, 7.57409, -2.5, 
-1.25, 6.87635, 3.75, 
-1.25, 6.87635, 2.5, 
-2.5, 7.57409, 2.5, 
-1.25, 6.87635, 3.75, 
0, 5.33049, 3.75, 
-1.25, 6.87635, 2.5, 
0, 5.33049, 3.75, 
0, 5.33048, 2.5, 
-1.25, 6.87635, 2.5, 
-3.75, 7.57409, 3.75, 
-2.5, 7.57409, 3.75, 
-3.75, 7.57409, 2.5, 
-2.5, 7.57409, 3.75, 
-2.5, 7.57409, 2.5, 
-3.75, 7.57409, 2.5, 
-3.75, 7.57409, 1.25, 
-2.5, 7.57409, 1.25, 
-3.75, 7.57409, -0, 
-2.5, 7.57409, 1.25, 
-2.5, 7.57409, -0, 
-3.75, 7.57409, -0, 
3.75, 3.18314, 3.75, 
3.75, 3.18314, 2.5, 
2.5, 3.18314, 2.5, 
1.25, 4.20598, 3.75, 
1.25, 4.20597, 2.5, 
0, 5.33048, 2.5, 
1.25, 4.20598, 3.75, 
2.5, 3.18314, 3.75, 
1.25, 4.20597, 2.5, 
2.5, 3.18314, 3.75, 
2.5, 3.18314, 2.5, 
1.25, 4.20597, 2.5, 
1.25, 4.20597, 1.25, 
1.25, 4.20597, -0, 
0, 5.33048, -0, 
1.25, 4.20597, 1.25, 
2.5, 3.18314, 1.25, 
1.25, 4.20597, -0, 
2.5, 3.18314, 1.25, 
2.5, 3.18314, -0, 
1.25, 4.20597, -0, 
3.75, 3.18314, 1.25, 
3.75, 3.18314, -0, 
2.5, 3.18314, -0, 
-1.25, 6.87635, 1.25, 
-1.25, 6.87635, -0, 
-2.5, 7.57409, -0, 
-1.25, 6.87635, 1.25, 
0, 5.33048, 1.25, 
-1.25, 6.87635, -0, 
0, 5.33048, 1.25, 
0, 5.33048, -0, 
-1.25, 6.87635, -0, 
3.75, 3.18314, -0, 
2.5, 3.18314, -1.25, 
2.5, 3.18314, -0, 
3.75, 3.18314, -0, 
3.75, 3.18314, -1.25, 
2.5, 3.18314, -1.25, 
3.75, 3.18314, -1.25, 
2.5, 3.18314, -2.5, 
2.5, 3.18314, -1.25, 
1.25, 4.20597, -0, 
0, 5.33048, -1.25, 
0, 5.33048, -0, 
1.25, 4.20597, -0, 
1.25, 4.20597, -1.25, 
0, 5.33048, -1.25, 
1.25, 4.20597, -1.25, 
0, 5.33048, -2.5, 
0, 5.33048, -1.25, 
1.25, 4.20597, -2.5, 
0, 5.33048, -3.75, 
0, 5.33048, -2.5, 
1.25, 4.20597, -2.5, 
1.25, 4.20597, -3.75, 
0, 5.33048, -3.75, 
-1.25, 6.87635, -0, 
-2.5, 7.57409, -1.25, 
-2.5, 7.57409, -0, 
-1.25, 6.87635, -0, 
-1.25, 6.87635, -1.25, 
-2.5, 7.57409, -1.25, 
-1.25, 6.87635, -1.25, 
-2.5, 7.57409, -2.5, 
-2.5, 7.57409, -1.25, 
-1.25, 6.87635, 3.75, 
-2.5, 7.57409, 2.5, 
-2.5, 7.57409, 3.75, 
3.75, 3.18314, 3.75, 
2.5, 3.18314, 2.5, 
2.5, 3.18314, 3.75, 
1.25, 4.20598, 3.75, 
0, 5.33048, 2.5, 
0, 5.33049, 3.75, 
1.25, 4.20597, 2.5, 
0, 5.33048, 1.25, 
0, 5.33048, 2.5, 
1.25, 4.20597, 2.5, 
1.25, 4.20597, 1.25, 
0, 5.33048, 1.25, 
1.25, 4.20597, 1.25, 
0, 5.33048, -0, 
0, 5.33048, 1.25, 
3.75, 3.18314, 2.5, 
2.5, 3.18314, 1.25, 
2.5, 3.18314, 2.5, 
3.75, 3.18314, 2.5, 
3.75, 3.18314, 1.25, 
2.5, 3.18314, 1.25, 
3.75, 3.18314, 1.25, 
2.5, 3.18314, -0, 
2.5, 3.18314, 1.25, 
-1.25, 6.87635, 2.5, 
-2.5, 7.57409, 1.25, 
-2.5, 7.57409, 2.5, 
-1.25, 6.87635, 2.5, 
-1.25, 6.87635, 1.25, 
-2.5, 7.57409, 1.25, 
-1.25, 6.87635, 1.25, 
-2.5, 7.57409, -0, 
-2.5, 7.57409, 1.25, 
-1.25, 6.87635, -2.5, 
-2.5, 7.57409, -3.75, 
-2.5, 7.57409, -2.5, 
-1.25, 6.87635, -2.5, 
-1.25, 6.87635, -3.75, 
-2.5, 7.57409, -3.75, 
3.75, 3.18314, -2.5, 
2.5, 3.18314, -3.75, 
2.5, 3.18314, -2.5, 
3.75, 3.18314, -2.5, 
3.75, 3.18314, -3.75, 
2.5, 3.18314, -3.75, 
-2.5, 0, 3.75, 
-2.5, 7.57409, 3.75, 
-3.75, 7.57409, 3.75, 
1.25, -0, -3.75, 
1.25, 4.20597, -3.75, 
2.5, 3.18314, -3.75, 
3.75, 0, 0, 
3.75, 3.18314, -0, 
3.75, 3.18314, 1.25, 
-3.75, 0, 2.5, 
-3.75, 7.57409, 2.5, 
-3.75, 7.57409, 1.25, 
-3.75, 0, 3.75, 
-3.75, 7.57409, 3.75, 
-3.75, 7.57409, 2.5, 
2.5, -0, -3.75, 
2.5, 3.18314, -3.75, 
3.75, 3.18314, -3.75, 
-1.25, -0, -3.75, 
-1.25, 6.87635, -3.75, 
0, 5.33048, -3.75, 
0, 0, 3.75, 
1.25, 0, 3.75, 
1.25, 4.20598, 3.75, 
3.75, -0, -3.75, 
3.75, 3.18314, -3.75, 
3.75, 3.18314, -2.5, 
3.75, 0, 2.5, 
3.75, 3.18314, 2.5, 
3.75, 3.18314, 3.75, 
-3.75, -0, -2.5, 
-3.75, 7.57409, -2.5, 
-3.75, 7.57409, -3.75, 
3.75, -0, -1.25, 
3.75, 3.18314, -1.25, 
3.75, 3.18314, -0, 
-3.75, -0, -1.25, 
-3.75, 7.57409, -1.25, 
-3.75, 7.57409, -2.5, 
-1.25, 0, 3.75, 
0, 0, 3.75, 
0, 5.33049, 3.75, 
0, -0, -3.75, 
0, 5.33048, -3.75, 
1.25, 4.20597, -3.75, 
3.75, 0, 1.25, 
3.75, 3.18314, 1.25, 
3.75, 3.18314, 2.5, 
-2.5, -0, -3.75, 
-2.5, 7.57409, -3.75, 
-1.25, 6.87635, -3.75, 
3.75, 0, 3.75, 
3.75, 3.18314, 3.75, 
2.5, 3.18314, 3.75, 
-3.75, 0, 1.25, 
-3.75, 7.57409, 1.25, 
-3.75, 7.57409, -0, 
-3.75, 0, 0, 
-3.75, 7.57409, -0, 
-3.75, 7.57409, -1.25, 
1.25, 0, 3.75, 
2.5, 0, 3.75, 
2.5, 3.18314, 3.75, 
-2.5, 0, 3.75, 
-1.25, 0, 3.75, 
-1.25, 6.87635, 3.75, 
-3.75, -0, -3.75, 
-3.75, 7.57409, -3.75, 
-2.5, 7.57409, -3.75, 
3.75, -0, -2.5, 
3.75, 3.18314, -2.5, 
3.75, 3.18314, -1.25, 
]);
var dn = new Float32Array([
0, 1, -0, 
0.3015, 0.9045, -0.3015, 
0.7071, 0.7071, -0, 
0, 1, -0, 
0.7071, 0.7071, -0, 
0.7071, 0.7071, -0, 
0, 1, -0, 
-0, 0.7071, 0.7071, 
0, 1, -0, 
0, 1, -0, 
0.3015, 0.9045, 0.3015, 
0, 1, -0, 
0, 1, -0, 
-0.3015, 0.9045, 0.3015, 
0, 1, -0, 
0, 1, -0, 
-0, 0.7071, 0.7071, 
0, 1, -0, 
0, 1, -0, 
0.7071, 0.7071, -0, 
0.7071, 0.7071, -0, 
0, 1, -0, 
0, 1, -0, 
0.3015, 0.9045, -0.3015, 
0, 1, -0, 
0, 1, -0, 
0.7071, 0.7071, -0, 
0, 1, -0, 
-0, 0.7071, 0.7071, 
-0, 0.7071, 0.7071, 
0, 1, -0, 
0, 1, -0, 
0.3015, 0.9045, 0.3015, 
0, 1, -0, 
-0, 0.7071, 0.7071, 
-0.3015, 0.9045, 0.3015, 
0, 1, -0, 
-0, 0.7071, 0.7071, 
-0, 0.7071, 0.7071, 
0, 1, -0, 
0, 1, -0, 
0.7071, 0.7071, -0, 
0.7071, 0.7071, -0, 
0, 1, -0, 
0.7071, 0.7071, -0, 
0, 1, -0, 
0, 1, -0, 
0.7071, 0.7071, -0, 
0, 0.7071, -0.7071, 
0, 1, -0, 
0, 1, -0, 
0, 0.7071, -0.7071, 
0, 0.7071, -0.7071, 
0, 1, -0, 
0, 0.7071, -0.7071, 
0, 1, -0, 
0, 1, -0, 
-0.7071, 0.7071, -0, 
-0.7071, 0.7071, -0, 
0, 1, -0, 
-0.3015, 0.9045, -0.3015, 
0, 1, -0, 
0, 1, -0, 
-0.3015, 0.9045, -0.3015, 
0, 0.7071, -0.7071, 
0, 1, -0, 
0, 0.7071, -0.7071, 
0, 1, -0, 
0, 1, -0, 
-0.3015, 0.9045, 0.3015, 
-0.7071, 0.7071, -0, 
0, 1, -0, 
-0.7071, 0.7071, -0, 
-0.7071, 0.7071, -0, 
0, 1, -0, 
0.3015, 0.9045, 0.3015, 
0, 1, -0, 
0.7071, 0.7071, -0, 
0, 1, -0, 
0, 1, -0, 
0.7071, 0.7071, -0, 
0.7071, 0.7071, -0, 
0, 1, -0, 
0.7071, 0.7071, -0, 
0, 1, -0, 
0, 1, -0, 
0.7071, 0.7071, -0, 
0, 0.7071, -0.7071, 
0, 1, -0, 
0, 1, -0, 
0, 0.7071, -0.7071, 
0, 0.7071, -0.7071, 
0, 1, -0, 
0, 0.7071, -0.7071, 
0, 1, -0, 
0, 1, -0, 
0.3015, 0.9045, -0.3015, 
0, 1, -0, 
0, 1, -0, 
0.3015, 0.9045, -0.3015, 
0, 1, -0, 
0, 1, -0, 
0, 1, -0, 
0, 1, -0, 
0, 1, -0, 
-0, 0.7071, 0.7071, 
-0.5774, 0.5774, 0.5773, 
-0.3015, 0.9045, 0.3015, 
0, 0.7071, -0.7071, 
0.2056, 0.576, -0.7912, 
0, 0.7071, -0.7071, 
0.7071, 0.7071, -0, 
0.7071, 0.7071, -0, 
0.7071, 0.7071, -0, 
-0.7071, 0.7071, -0, 
-0.7071, 0.7071, -0, 
-0.7071, 0.7071, -0, 
-0.3015, 0.9045, 0.3015, 
-0.7071, 0.7071, -0, 
-0.7071, 0.7071, -0, 
0, 0.7071, -0.7071, 
0, 1, -0, 
0, 0.7071, -0.7071, 
0, 0.7071, -0.7071, 
0.5774, 0.5774, -0.5774, 
0.3015, 0.9045, -0.3015, 
0, 0.7071, -0.7071, 
0.4994, 0.4738, -0.7253, 
0, 0.7071, -0.7071, 
-0, 0.7071, 0.7071, 
0.457, 0.5326, 0.7124, 
0.4994, 0.4738, 0.7253, 
-0.7071, 0.7071, -0, 
0, 1, -0, 
0, 1, -0, 
-0.7071, 0.7071, -0, 
-0.7071, 0.7071, -0, 
0, 1, -0, 
-0.7071, 0.7071, -0, 
0, 1, -0, 
0, 1, -0, 
-0.7071, 0.7071, -0, 
0, 1, -0, 
0, 1, -0, 
-0.7071, 0.7071, -0, 
-0.3015, 0.9045, -0.3015, 
0, 1, -0, 
-0.3015, 0.9045, -0.3015, 
0, 1, -0, 
0, 1, -0, 
0, 1, -0, 
-0, 0.7071, 0.7071, 
0, 1, -0, 
0, 1, -0, 
-0, 0.7071, 0.7071, 
-0, 0.7071, 0.7071, 
0.3015, 0.9045, -0.3015, 
0.7071, 0.7071, -0, 
0.7071, 0.7071, -0, 
0, 1, -0, 
0, 1, -0, 
0, 1, -0, 
0, 1, -0, 
-0.3015, 0.9045, 0.3015, 
0, 1, -0, 
-0.3015, 0.9045, 0.3015, 
0, 1, -0, 
0, 1, -0, 
-0.7071, 0.7071, -0, 
0, 1, -0, 
0, 1, -0, 
-0.7071, 0.7071, -0, 
-0.7071, 0.7071, -0, 
0, 1, -0, 
-0.7071, 0.7071, -0, 
0, 1, -0, 
0, 1, -0, 
0, 1, -0, 
-0, 0.7071, 0.7071, 
0, 1, -0, 
0, 1, -0, 
0.3015, 0.9045, 0.3015, 
-0, 0.7071, 0.7071, 
0.7071, 0.7071, -0, 
0.5774, 0.5774, 0.5774, 
0.3015, 0.9045, 0.3015, 
0, 1, -0, 
-0, 0.7071, 0.7071, 
0, 1, -0, 
0, 1, -0, 
-0, 0.7071, 0.7071, 
-0, 0.7071, 0.7071, 
-0.7071, 0.7071, -0, 
-0.5774, 0.5774, -0.5774, 
-0.3015, 0.9045, -0.3015, 
0.7071, 0.7071, -0, 
0.7071, 0.7071, -0, 
0.7071, 0.7071, -0, 
-0.7071, 0.7071, -0, 
-0.7071, 0.7071, -0, 
-0.7071, 0.7071, -0, 
-0, 0.7071, 0.7071, 
0.4994, 0.4738, 0.7253, 
0.4801, 0.57, 0.6668, 
0, 0.7071, -0.7071, 
0.457, 0.5326, -0.7124, 
0, 0.7071, -0.7071, 
0.7071, 0.7071, -0, 
0.7071, 0.7071, -0, 
0.7071, 0.7071, -0, 
0, 0.7071, -0.7071, 
0.4801, 0.57, -0.6668, 
0, 0.7071, -0.7071, 
0.3015, 0.9045, 0.3015, 
0.2056, 0.576, 0.7912, 
-0, 0.7071, 0.7071, 
-0.7071, 0.7071, -0, 
-0.7071, 0.7071, -0, 
-0.7071, 0.7071, -0, 
-0.7071, 0.7071, -0, 
-0.7071, 0.7071, -0, 
-0.7071, 0.7071, -0, 
-0, 0.7071, 0.7071, 
0.2056, 0.576, 0.7912, 
0.457, 0.5326, 0.7124, 
-0, 0.7071, 0.7071, 
0.4801, 0.57, 0.6668, 
0.1904, 0.7316, 0.6546, 
0, 0.7071, -0.7071, 
0, 1, -0, 
0, 0.7071, -0.7071, 
-0.3015, 0.9045, -0.3015, 
0.1904, 0.7316, -0.6546, 
0, 0.7071, -0.7071, 
0.7071, 0.7071, -0, 
0.7071, 0.7071, -0, 
0.7071, 0.7071, -0, 
0.3015, 0.9045, -0.3015, 
0, 1, -0, 
0, 0.7071, -0.7071, 
0.7255, 0.6883, -0, 
0.4801, 0.57, -0.6668, 
0.6442, 0.7649, -0, 
0.7255, 0.6883, -0, 
0.6442, 0.7649, -0, 
0.6442, 0.7649, -0, 
0.3362, 0.9418, 0, 
0.6512, 0.7589, 0, 
0.6512, 0.7589, 0, 
0.2518, 0.9678, 0, 
-0.7071, 0.7071, -0, 
-0.7071, 0.7071, -0, 
0.2518, 0.9678, 0, 
-0.5774, 0.5774, -0.5774, 
-0.7071, 0.7071, -0, 
0.2518, 0.9678, 0, 
-0.7071, 0.7071, -0, 
-0.7071, 0.7071, -0, 
0.7255, 0.6883, -0, 
0.6442, 0.7649, -0, 
0.6442, 0.7649, -0, 
0.3362, 0.9418, 0, 
0.457, 0.5326, -0.7124, 
0.6512, 0.7589, 0, 
0.3362, 0.9418, 0, 
0.6512, 0.7589, 0, 
0.6512, 0.7589, 0, 
0.7255, 0.6883, -0, 
0.4994, 0.4738, -0.7253, 
0.4801, 0.57, -0.6668, 
0.7255, 0.6883, -0, 
0.7255, 0.6883, -0, 
0.6442, 0.7649, -0, 
0.3362, 0.9418, 0, 
0.3362, 0.9418, 0, 
0.6512, 0.7589, 0, 
0.2518, 0.9678, 0, 
0.2518, 0.9678, 0, 
-0.7071, 0.7071, -0, 
0.2518, 0.9678, 0, 
0.1904, 0.7316, -0.6546, 
-0.5774, 0.5774, -0.5774, 
0.2518, 0.9678, 0, 
0.2518, 0.9678, 0, 
-0.7071, 0.7071, -0, 
0.7255, 0.6883, -0, 
0.7255, 0.6883, -0, 
0.6442, 0.7649, -0, 
0.3362, 0.9418, 0, 
0.2056, 0.576, -0.7912, 
0.457, 0.5326, -0.7124, 
0.3362, 0.9418, 0, 
0.3362, 0.9418, 0, 
0.6512, 0.7589, 0, 
0.7071, 0.7071, -0, 
0.7071, 0.7071, -0, 
0.3362, 0.9418, 0, 
0.6512, 0.7589, 0, 
0.6512, 0.7589, 0, 
0.7255, 0.6883, -0, 
0.6512, 0.7589, 0, 
0.3362, 0.9418, 0, 
0.6512, 0.7589, 0, 
0.3362, 0.9418, 0, 
0.3362, 0.9418, 0, 
0.6512, 0.7589, 0, 
0.6442, 0.7649, -0, 
0.6442, 0.7649, -0, 
0.2518, 0.9678, 0, 
0.6442, 0.7649, -0, 
0.7255, 0.6883, -0, 
0.6442, 0.7649, -0, 
0.7255, 0.6883, -0, 
0.7255, 0.6883, -0, 
0.6442, 0.7649, -0, 
-0.7071, 0.7071, -0, 
0.2518, 0.9678, 0, 
-0.7071, 0.7071, -0, 
0.2518, 0.9678, 0, 
0.2518, 0.9678, 0, 
-0.7071, 0.7071, -0, 
0.4801, 0.57, 0.6668, 
0.6442, 0.7649, -0, 
0.2518, 0.9678, 0, 
0.4801, 0.57, 0.6668, 
0.4994, 0.4738, 0.7253, 
0.6442, 0.7649, -0, 
0.4994, 0.4738, 0.7253, 
0.7255, 0.6883, -0, 
0.6442, 0.7649, -0, 
-0.5774, 0.5774, 0.5773, 
0.1904, 0.7316, 0.6546, 
-0.7071, 0.7071, -0, 
0.1904, 0.7316, 0.6546, 
0.2518, 0.9678, 0, 
-0.7071, 0.7071, -0, 
-0.7071, 0.7071, -0, 
0.2518, 0.9678, 0, 
-0.7071, 0.7071, -0, 
0.2518, 0.9678, 0, 
0.2518, 0.9678, 0, 
-0.7071, 0.7071, -0, 
0.5774, 0.5774, 0.5774, 
0.7071, 0.7071, -0, 
0.3362, 0.9418, 0, 
0.457, 0.5326, 0.7124, 
0.6512, 0.7589, 0, 
0.7255, 0.6883, -0, 
0.457, 0.5326, 0.7124, 
0.2056, 0.576, 0.7912, 
0.6512, 0.7589, 0, 
0.2056, 0.576, 0.7912, 
0.3362, 0.9418, 0, 
0.6512, 0.7589, 0, 
0.6512, 0.7589, 0, 
0.6512, 0.7589, 0, 
0.7255, 0.6883, -0, 
0.6512, 0.7589, 0, 
0.3362, 0.9418, 0, 
0.6512, 0.7589, 0, 
0.3362, 0.9418, 0, 
0.3362, 0.9418, 0, 
0.6512, 0.7589, 0, 
0.7071, 0.7071, -0, 
0.7071, 0.7071, -0, 
0.3362, 0.9418, 0, 
0.6442, 0.7649, -0, 
0.6442, 0.7649, -0, 
0.2518, 0.9678, 0, 
0.6442, 0.7649, -0, 
0.7255, 0.6883, -0, 
0.6442, 0.7649, -0, 
0.7255, 0.6883, -0, 
0.7255, 0.6883, -0, 
0.6442, 0.7649, -0, 
0.7071, 0.7071, -0, 
0.3362, 0.9418, 0, 
0.3362, 0.9418, 0, 
0.7071, 0.7071, -0, 
0.7071, 0.7071, -0, 
0.3362, 0.9418, 0, 
0.7071, 0.7071, -0, 
0.3362, 0.9418, 0, 
0.3362, 0.9418, 0, 
0.6512, 0.7589, 0, 
0.7255, 0.6883, -0, 
0.7255, 0.6883, -0, 
0.6512, 0.7589, 0, 
0.6512, 0.7589, 0, 
0.7255, 0.6883, -0, 
0.6512, 0.7589, 0, 
0.7255, 0.6883, -0, 
0.7255, 0.6883, -0, 
0.6512, 0.7589, 0, 
0.4994, 0.4738, -0.7253, 
0.7255, 0.6883, -0, 
0.6512, 0.7589, 0, 
0.457, 0.5326, -0.7124, 
0.4994, 0.4738, -0.7253, 
0.6442, 0.7649, -0, 
0.2518, 0.9678, 0, 
0.2518, 0.9678, 0, 
0.6442, 0.7649, -0, 
0.6442, 0.7649, -0, 
0.2518, 0.9678, 0, 
0.6442, 0.7649, -0, 
0.2518, 0.9678, 0, 
0.2518, 0.9678, 0, 
0.4801, 0.57, 0.6668, 
0.2518, 0.9678, 0, 
0.1904, 0.7316, 0.6546, 
0.5774, 0.5774, 0.5774, 
0.3362, 0.9418, 0, 
0.2056, 0.576, 0.7912, 
0.457, 0.5326, 0.7124, 
0.7255, 0.6883, -0, 
0.4994, 0.4738, 0.7253, 
0.6512, 0.7589, 0, 
0.7255, 0.6883, -0, 
0.7255, 0.6883, -0, 
0.6512, 0.7589, 0, 
0.6512, 0.7589, 0, 
0.7255, 0.6883, -0, 
0.6512, 0.7589, 0, 
0.7255, 0.6883, -0, 
0.7255, 0.6883, -0, 
0.7071, 0.7071, -0, 
0.3362, 0.9418, 0, 
0.3362, 0.9418, 0, 
0.7071, 0.7071, -0, 
0.7071, 0.7071, -0, 
0.3362, 0.9418, 0, 
0.7071, 0.7071, -0, 
0.3362, 0.9418, 0, 
0.3362, 0.9418, 0, 
0.6442, 0.7649, -0, 
0.2518, 0.9678, 0, 
0.2518, 0.9678, 0, 
0.6442, 0.7649, -0, 
0.6442, 0.7649, -0, 
0.2518, 0.9678, 0, 
0.6442, 0.7649, -0, 
0.2518, 0.9678, 0, 
0.2518, 0.9678, 0, 
0.6442, 0.7649, -0, 
0.1904, 0.7316, -0.6546, 
0.2518, 0.9678, 0, 
0.6442, 0.7649, -0, 
0.4801, 0.57, -0.6668, 
0.1904, 0.7316, -0.6546, 
0.7071, 0.7071, -0, 
0.2056, 0.576, -0.7912, 
0.3362, 0.9418, 0, 
0.7071, 0.7071, -0, 
0.5774, 0.5774, -0.5774, 
0.2056, 0.576, -0.7912, 
-0, 0.7071, 0.7071, 
0.1904, 0.7316, 0.6546, 
-0.5774, 0.5774, 0.5773, 
0, 0.7071, -0.7071, 
0.457, 0.5326, -0.7124, 
0.2056, 0.576, -0.7912, 
0.7071, 0.7071, -0, 
0.7071, 0.7071, -0, 
0.7071, 0.7071, -0, 
-0.7071, 0.7071, -0, 
-0.7071, 0.7071, -0, 
-0.7071, 0.7071, -0, 
-0.3015, 0.9045, 0.3015, 
-0.5774, 0.5774, 0.5773, 
-0.7071, 0.7071, -0, 
0, 0.7071, -0.7071, 
0.2056, 0.576, -0.7912, 
0.5774, 0.5774, -0.5774, 
0, 0.7071, -0.7071, 
0.4801, 0.57, -0.6668, 
0.4994, 0.4738, -0.7253, 
-0, 0.7071, 0.7071, 
-0, 0.7071, 0.7071, 
0.457, 0.5326, 0.7124, 
0.3015, 0.9045, -0.3015, 
0.5774, 0.5774, -0.5774, 
0.7071, 0.7071, -0, 
0.7071, 0.7071, -0, 
0.7071, 0.7071, -0, 
0.5774, 0.5774, 0.5774, 
-0.7071, 0.7071, -0, 
-0.7071, 0.7071, -0, 
-0.5774, 0.5774, -0.5774, 
0.7071, 0.7071, -0, 
0.7071, 0.7071, -0, 
0.7071, 0.7071, -0, 
-0.7071, 0.7071, -0, 
-0.7071, 0.7071, -0, 
-0.7071, 0.7071, -0, 
-0, 0.7071, 0.7071, 
-0, 0.7071, 0.7071, 
0.4994, 0.4738, 0.7253, 
0, 0.7071, -0.7071, 
0.4994, 0.4738, -0.7253, 
0.457, 0.5326, -0.7124, 
0.7071, 0.7071, -0, 
0.7071, 0.7071, -0, 
0.7071, 0.7071, -0, 
0, 0.7071, -0.7071, 
0.1904, 0.7316, -0.6546, 
0.4801, 0.57, -0.6668, 
0.3015, 0.9045, 0.3015, 
0.5774, 0.5774, 0.5774, 
0.2056, 0.576, 0.7912, 
-0.7071, 0.7071, -0, 
-0.7071, 0.7071, -0, 
-0.7071, 0.7071, -0, 
-0.7071, 0.7071, -0, 
-0.7071, 0.7071, -0, 
-0.7071, 0.7071, -0, 
-0, 0.7071, 0.7071, 
-0, 0.7071, 0.7071, 
0.2056, 0.576, 0.7912, 
-0, 0.7071, 0.7071, 
-0, 0.7071, 0.7071, 
0.4801, 0.57, 0.6668, 
-0.3015, 0.9045, -0.3015, 
-0.5774, 0.5774, -0.5774, 
0.1904, 0.7316, -0.6546, 
0.7071, 0.7071, -0, 
0.7071, 0.7071, -0, 
0.7071, 0.7071, -0, 
]);
var du = new Float32Array([
-0.00036, 0.629983, 
0.187551, 0.814566, 
0.187551, 0.629983, 
-0.00036, 0.633327, 
0.187551, 0.816255, 
0.187551, 0.633327, 
0.375461, 0.995905, 
0.187568, 0.814616, 
0.187568, 0.995905, 
-0.00036, 0.995905, 
0.187551, 0.814616, 
0.187551, 0.995905, 
0.372184, 0.995905, 
0.187602, 0.814616, 
0.187602, 0.995905, 
-0.000326, 0.995905, 
0.185929, 0.814616, 
0.185929, 0.995905, 
-0.00036, 0.999182, 
0.187551, 0.814583, 
0.187551, 0.999182, 
-0.00036, 0.629983, 
-0.00036, 0.814566, 
0.187551, 0.814566, 
-0.00036, 0.633327, 
-0.00036, 0.816255, 
0.187551, 0.816255, 
0.375461, 0.995905, 
0.375461, 0.814616, 
0.187568, 0.814616, 
-0.00036, 0.995905, 
-0.00036, 0.814616, 
0.187551, 0.814616, 
0.372184, 0.995905, 
0.372184, 0.814616, 
0.187602, 0.814616, 
-0.000326, 0.995905, 
-0.000326, 0.814616, 
0.185929, 0.814616, 
-0.00036, 0.999182, 
-0.00036, 0.814583, 
0.187551, 0.814583, 
0.187551, 0.814583, 
-0.00036, 0.814583, 
0.187551, 0.629983, 
-0.00036, 0.814583, 
-0.00036, 0.629983, 
0.187551, 0.629983, 
0.187568, 0.814566, 
0.187568, 0.999148, 
-0.000326, 0.999148, 
0.187568, 0.814566, 
0.375461, 0.814566, 
0.187568, 0.999148, 
0.375461, 0.814566, 
0.375461, 0.999148, 
0.187568, 0.999148, 
0.187602, 0.814583, 
0.187602, 0.629983, 
0.003019, 0.629983, 
0.187602, 0.814566, 
0.187602, 0.999148, 
0.003019, 0.999148, 
0.187602, 0.814566, 
0.372184, 0.814566, 
0.187602, 0.999148, 
0.372184, 0.814566, 
0.372184, 0.999148, 
0.187602, 0.999148, 
0.187602, 0.814616, 
0.187602, 0.633327, 
0.003019, 0.633327, 
0.187602, 0.816255, 
0.187602, 0.999182, 
0.003019, 0.999182, 
0.187551, 0.814616, 
-0.00036, 0.814616, 
0.187551, 0.633327, 
-0.00036, 0.814616, 
-0.00036, 0.633327, 
0.187551, 0.633327, 
0.187551, 0.816255, 
-0.00036, 0.816255, 
0.187551, 0.999182, 
-0.00036, 0.816255, 
-0.00036, 0.999182, 
0.187551, 0.999182, 
0.185929, 0.814566, 
0.185929, 0.999148, 
0.372184, 0.999148, 
0.185929, 0.814566, 
-0.000326, 0.814566, 
0.185929, 0.999148, 
-0.000326, 0.814566, 
-0.000326, 0.999148, 
0.185929, 0.999148, 
0.187551, 0.814566, 
0.187551, 0.999148, 
0.375461, 0.999148, 
0.187551, 0.814566, 
-0.00036, 0.814566, 
0.187551, 0.999148, 
-0.00036, 0.814566, 
-0.00036, 0.999148, 
0.187551, 0.999148, 
0.372184, 0.814616, 
0.187602, 0.814616, 
0.187602, 0.814616, 
0.187568, 0.814566, 
0.375461, 0.814566, 
0.375461, 0.814566, 
0.187551, 0.999182, 
0.187551, 0.816255, 
0.187551, 0.816255, 
0.187602, 0.633327, 
0.187602, 0.816255, 
0.187602, 0.816255, 
0.187602, 0.814616, 
0.187602, 0.633327, 
0.187602, 0.633327, 
0.187568, 0.814566, 
-0.000326, 0.999148, 
-0.000326, 0.814566, 
0.375461, 0.814566, 
0.187551, 0.814566, 
0.187551, 0.814566, 
0.185929, 0.814566, 
-0.000326, 0.814566, 
-0.000326, 0.814566, 
-0.000326, 0.814616, 
0.187568, 0.814616, 
-0.000326, 0.814616, 
0.187602, 0.999182, 
0.003019, 0.814583, 
0.003019, 0.999182, 
0.187602, 0.999182, 
0.187602, 0.814583, 
0.003019, 0.814583, 
0.187602, 0.814583, 
0.003019, 0.629983, 
0.003019, 0.814583, 
0.187602, 0.629983, 
0.003019, 0.814566, 
0.003019, 0.629983, 
0.187602, 0.629983, 
0.187602, 0.814566, 
0.003019, 0.814566, 
0.187602, 0.814566, 
0.003019, 0.999148, 
0.003019, 0.814566, 
0.185929, 0.995905, 
0.372184, 0.814616, 
0.372184, 0.995905, 
0.185929, 0.995905, 
0.185929, 0.814616, 
0.372184, 0.814616, 
0.187551, 0.814566, 
0.187551, 0.629983, 
0.187551, 0.629983, 
0.187602, 0.995905, 
0.003019, 0.814616, 
0.003019, 0.995905, 
0.187602, 0.995905, 
0.187602, 0.814616, 
0.003019, 0.814616, 
0.187602, 0.814616, 
0.003019, 0.633327, 
0.003019, 0.814616, 
0.187602, 0.633327, 
0.003019, 0.816255, 
0.003019, 0.633327, 
0.187602, 0.633327, 
0.187602, 0.816255, 
0.003019, 0.816255, 
0.187602, 0.816255, 
0.003019, 0.999182, 
0.003019, 0.816255, 
0.187551, 0.995905, 
0.375461, 0.814616, 
0.375461, 0.995905, 
0.187551, 0.995905, 
0.187551, 0.814616, 
0.375461, 0.814616, 
0.187551, 0.633327, 
0.187551, 0.814616, 
0.187551, 0.814616, 
0.187568, 0.995905, 
-0.000326, 0.814616, 
-0.000326, 0.995905, 
0.187568, 0.995905, 
0.187568, 0.814616, 
-0.000326, 0.814616, 
0.187602, 0.629983, 
0.187602, 0.814566, 
0.187602, 0.814566, 
0.187551, 0.814583, 
0.187551, 0.999182, 
0.187551, 0.999182, 
0.187602, 0.814583, 
0.187602, 0.629983, 
0.187602, 0.629983, 
0.185929, 0.814616, 
-0.000326, 0.814616, 
0.185929, 0.814616, 
-0.000326, 0.814566, 
0.187568, 0.814566, 
0.187568, 0.814566, 
0.187551, 0.816255, 
0.187551, 0.633327, 
0.187551, 0.633327, 
0.372184, 0.814566, 
0.185929, 0.814566, 
0.185929, 0.814566, 
0.187551, 0.814616, 
0.375461, 0.814616, 
0.375461, 0.814616, 
0.187602, 0.816255, 
0.187602, 0.999182, 
0.187602, 0.999182, 
0.187602, 0.999182, 
0.187602, 0.814583, 
0.187602, 0.814583, 
0.187568, 0.814616, 
0.375461, 0.814616, 
0.187568, 0.814616, 
0.372184, 0.814616, 
0.185929, 0.814616, 
0.372184, 0.814616, 
0.185929, 0.814566, 
0.372184, 0.999148, 
0.372184, 0.814566, 
0.187602, 0.814566, 
0.372184, 0.814566, 
0.372184, 0.814566, 
0.187551, 0.629983, 
0.187551, 0.814583, 
0.187551, 0.814583, 
0.187551, 0.814566, 
0.375461, 0.999148, 
0.375461, 0.814566, 
0.391937, 0.352048, 
0.552815, 0.511482, 
0.552815, 0.352048, 
0.391937, 0.354937, 
0.552815, 0.512941, 
0.552815, 0.354937, 
0.716524, 0.354937, 
0.55423, 0.512941, 
0.55423, 0.354937, 
0.713693, 0.354937, 
0.55426, 0.512941, 
0.55426, 0.354937, 
0.713693, 0.352048, 
0.55426, 0.511482, 
0.55426, 0.352048, 
0.713693, 0.670944, 
0.55426, 0.511496, 
0.55426, 0.670944, 
0.391937, 0.670944, 
0.552815, 0.511496, 
0.552815, 0.670944, 
0.716524, 0.352048, 
0.55423, 0.511482, 
0.55423, 0.352048, 
0.716524, 0.670944, 
0.55423, 0.511496, 
0.55423, 0.670944, 
0.391937, 0.352048, 
0.391937, 0.511482, 
0.552815, 0.511482, 
0.391937, 0.354937, 
0.391937, 0.512941, 
0.552815, 0.512941, 
0.716524, 0.354937, 
0.716524, 0.512941, 
0.55423, 0.512941, 
0.713693, 0.354937, 
0.713693, 0.512941, 
0.55426, 0.512941, 
0.713693, 0.352048, 
0.713693, 0.511482, 
0.55426, 0.511482, 
0.713693, 0.670944, 
0.713693, 0.511496, 
0.55426, 0.511496, 
0.391937, 0.670944, 
0.391937, 0.511496, 
0.552815, 0.511496, 
0.716524, 0.352048, 
0.716524, 0.511482, 
0.55423, 0.511482, 
0.716524, 0.670944, 
0.716524, 0.511496, 
0.55423, 0.511496, 
0.554216, 0.511496, 
0.554216, 0.352048, 
0.716524, 0.352048, 
0.55423, 0.511496, 
0.55423, 0.352048, 
0.391937, 0.352048, 
0.55423, 0.511496, 
0.716524, 0.511496, 
0.55423, 0.352048, 
0.716524, 0.511496, 
0.716524, 0.352048, 
0.55423, 0.352048, 
0.552815, 0.511496, 
0.552815, 0.352048, 
0.713693, 0.352048, 
0.552815, 0.511496, 
0.391937, 0.511496, 
0.552815, 0.352048, 
0.391937, 0.511496, 
0.391937, 0.352048, 
0.552815, 0.352048, 
0.55426, 0.511496, 
0.713693, 0.511496, 
0.55426, 0.352048, 
0.713693, 0.511496, 
0.713693, 0.352048, 
0.55426, 0.352048, 
0.552815, 0.511525, 
0.552815, 0.354937, 
0.713693, 0.354937, 
0.552815, 0.511525, 
0.391937, 0.511525, 
0.552815, 0.354937, 
0.391937, 0.511525, 
0.391937, 0.354937, 
0.552815, 0.354937, 
0.55426, 0.511525, 
0.713693, 0.511525, 
0.55426, 0.354937, 
0.713693, 0.511525, 
0.713693, 0.354937, 
0.55426, 0.354937, 
0.55426, 0.512941, 
0.713693, 0.512941, 
0.55426, 0.670944, 
0.713693, 0.512941, 
0.713693, 0.670944, 
0.55426, 0.670944, 
0.554216, 0.511525, 
0.554216, 0.354937, 
0.716524, 0.354937, 
0.55423, 0.511525, 
0.55423, 0.354937, 
0.391937, 0.354937, 
0.55423, 0.511525, 
0.716524, 0.511525, 
0.55423, 0.354937, 
0.716524, 0.511525, 
0.716524, 0.354937, 
0.55423, 0.354937, 
0.55423, 0.512941, 
0.55423, 0.670944, 
0.391937, 0.670944, 
0.55423, 0.512941, 
0.716524, 0.512941, 
0.55423, 0.670944, 
0.716524, 0.512941, 
0.716524, 0.670944, 
0.55423, 0.670944, 
0.554216, 0.512941, 
0.554216, 0.670944, 
0.716524, 0.670944, 
0.552815, 0.512941, 
0.552815, 0.670944, 
0.713693, 0.670944, 
0.552815, 0.512941, 
0.391937, 0.512941, 
0.552815, 0.670944, 
0.391937, 0.512941, 
0.391937, 0.670944, 
0.552815, 0.670944, 
0.554216, 0.670944, 
0.716524, 0.511496, 
0.716524, 0.670944, 
0.554216, 0.670944, 
0.554216, 0.511496, 
0.716524, 0.511496, 
0.554216, 0.511496, 
0.716524, 0.352048, 
0.716524, 0.511496, 
0.55423, 0.670944, 
0.391937, 0.511496, 
0.391937, 0.670944, 
0.55423, 0.670944, 
0.55423, 0.511496, 
0.391937, 0.511496, 
0.55423, 0.511496, 
0.391937, 0.352048, 
0.391937, 0.511496, 
0.55423, 0.352048, 
0.391937, 0.511482, 
0.391937, 0.352048, 
0.55423, 0.352048, 
0.55423, 0.511482, 
0.391937, 0.511482, 
0.552815, 0.670944, 
0.713693, 0.511496, 
0.713693, 0.670944, 
0.552815, 0.670944, 
0.552815, 0.511496, 
0.713693, 0.511496, 
0.552815, 0.511496, 
0.713693, 0.352048, 
0.713693, 0.511496, 
0.552815, 0.511525, 
0.713693, 0.354937, 
0.713693, 0.511525, 
0.554216, 0.511525, 
0.716524, 0.354937, 
0.716524, 0.511525, 
0.55423, 0.511525, 
0.391937, 0.354937, 
0.391937, 0.511525, 
0.55423, 0.354937, 
0.391937, 0.512941, 
0.391937, 0.354937, 
0.55423, 0.354937, 
0.55423, 0.512941, 
0.391937, 0.512941, 
0.55423, 0.512941, 
0.391937, 0.670944, 
0.391937, 0.512941, 
0.554216, 0.354937, 
0.716524, 0.512941, 
0.716524, 0.354937, 
0.554216, 0.354937, 
0.554216, 0.512941, 
0.716524, 0.512941, 
0.554216, 0.512941, 
0.716524, 0.670944, 
0.716524, 0.512941, 
0.552815, 0.354937, 
0.713693, 0.512941, 
0.713693, 0.354937, 
0.552815, 0.354937, 
0.552815, 0.512941, 
0.713693, 0.512941, 
0.552815, 0.512941, 
0.713693, 0.670944, 
0.713693, 0.512941, 
0.552815, 0.352048, 
0.713693, 0.511482, 
0.713693, 0.352048, 
0.552815, 0.352048, 
0.552815, 0.511482, 
0.713693, 0.511482, 
0.554216, 0.352048, 
0.716524, 0.511482, 
0.716524, 0.352048, 
0.554216, 0.352048, 
0.554216, 0.511482, 
0.716524, 0.511482, 
0.372184, 0.814616, 
0.372184, 0.814616, 
0.187602, 0.814616, 
0.187568, 0.814566, 
0.187568, 0.814566, 
0.375461, 0.814566, 
0.187551, 0.999182, 
0.187551, 0.999182, 
0.187551, 0.816255, 
0.187602, 0.633327, 
0.187602, 0.633327, 
0.187602, 0.816255, 
0.187602, 0.814616, 
0.187602, 0.814616, 
0.187602, 0.633327, 
0.375461, 0.814566, 
0.375461, 0.814566, 
0.187551, 0.814566, 
0.185929, 0.814566, 
0.185929, 0.814566, 
-0.000326, 0.814566, 
-0.000326, 0.814616, 
0.187568, 0.814616, 
0.187568, 0.814616, 
0.187551, 0.814566, 
0.187551, 0.814566, 
0.187551, 0.629983, 
0.187551, 0.633327, 
0.187551, 0.633327, 
0.187551, 0.814616, 
0.187602, 0.629983, 
0.187602, 0.629983, 
0.187602, 0.814566, 
0.187551, 0.814583, 
0.187551, 0.814583, 
0.187551, 0.999182, 
0.187602, 0.814583, 
0.187602, 0.814583, 
0.187602, 0.629983, 
0.185929, 0.814616, 
-0.000326, 0.814616, 
-0.000326, 0.814616, 
-0.000326, 0.814566, 
-0.000326, 0.814566, 
0.187568, 0.814566, 
0.187551, 0.816255, 
0.187551, 0.816255, 
0.187551, 0.633327, 
0.372184, 0.814566, 
0.372184, 0.814566, 
0.185929, 0.814566, 
0.187551, 0.814616, 
0.187551, 0.814616, 
0.375461, 0.814616, 
0.187602, 0.816255, 
0.187602, 0.816255, 
0.187602, 0.999182, 
0.187602, 0.999182, 
0.187602, 0.999182, 
0.187602, 0.814583, 
0.187568, 0.814616, 
0.375461, 0.814616, 
0.375461, 0.814616, 
0.372184, 0.814616, 
0.185929, 0.814616, 
0.185929, 0.814616, 
0.187602, 0.814566, 
0.187602, 0.814566, 
0.372184, 0.814566, 
0.187551, 0.629983, 
0.187551, 0.629983, 
0.187551, 0.814583, 
]);
