var ev = new Float32Array([
5, -0, -2.5, 
3.75, -0, -3.75, 
3.75, -0, -2.5, 
5, 0, 2.5, 
3.75, 0, 1.25, 
3.75, 0, 2.5, 
2.5, 0, 5, 
1.25, 0, 3.75, 
1.25, 0, 5, 
5, 0, 5, 
3.75, 0, 3.75, 
3.75, 0, 5, 
-2.5, 0, 5, 
-3.75, 0, 3.75, 
-3.75, 0, 5, 
0, 0, 5, 
-1.25, 0, 3.75, 
-1.25, 0, 5, 
5, 0, 0, 
3.75, -0, -1.25, 
3.75, 0, 0, 
5, -0, -2.5, 
5, -0, -3.75, 
3.75, -0, -3.75, 
5, 0, 2.5, 
5, 0, 1.25, 
3.75, 0, 1.25, 
2.5, 0, 5, 
2.5, 0, 3.75, 
1.25, 0, 3.75, 
5, 0, 5, 
5, 0, 3.75, 
3.75, 0, 3.75, 
-2.5, 0, 5, 
-2.5, 0, 3.75, 
-3.75, 0, 3.75, 
0, 0, 5, 
0, 0, 3.75, 
-1.25, 0, 3.75, 
5, 0, 0, 
5, -0, -1.25, 
3.75, -0, -1.25, 
3.75, -0, -1.25, 
5, -0, -1.25, 
3.75, -0, -2.5, 
5, -0, -1.25, 
5, -0, -2.5, 
3.75, -0, -2.5, 
1.25, -0, -3.75, 
1.25, -0, -5, 
0, -0, -5, 
1.25, -0, -3.75, 
2.5, -0, -3.75, 
1.25, -0, -5, 
2.5, -0, -3.75, 
2.5, -0, -5, 
1.25, -0, -5, 
-3.75, -0, -1.25, 
-3.75, -0, -2.5, 
-5, -0, -2.5, 
-3.75, -0, -3.75, 
-3.75, -0, -5, 
-5, -0, -5, 
-3.75, -0, -3.75, 
-2.5, -0, -3.75, 
-3.75, -0, -5, 
-2.5, -0, -3.75, 
-2.5, -0, -5, 
-3.75, -0, -5, 
-3.75, 0, 3.75, 
-3.75, 0, 2.5, 
-5, 0, 2.5, 
-3.75, 0, 1.25, 
-3.75, 0, 0, 
-5, 0, 0, 
3.75, 0, 3.75, 
5, 0, 3.75, 
3.75, 0, 2.5, 
5, 0, 3.75, 
5, 0, 2.5, 
3.75, 0, 2.5, 
3.75, 0, 1.25, 
5, 0, 1.25, 
3.75, 0, 0, 
5, 0, 1.25, 
5, 0, 0, 
3.75, 0, 0, 
-1.25, -0, -3.75, 
-1.25, -0, -5, 
-2.5, -0, -5, 
-1.25, -0, -3.75, 
0, -0, -3.75, 
-1.25, -0, -5, 
0, -0, -3.75, 
0, -0, -5, 
-1.25, -0, -5, 
3.75, -0, -3.75, 
3.75, -0, -5, 
2.5, -0, -5, 
3.75, -0, -3.75, 
5, -0, -3.75, 
3.75, -0, -5, 
5, -0, -3.75, 
5, -0, -5, 
3.75, -0, -5, 
-2.5, 0, 3.75, 
-3.75, 3.18314, 3.75, 
-3.75, 0, 3.75, 
1.25, -0, -3.75, 
2.5, 3.18314, -3.75, 
2.5, -0, -3.75, 
3.75, 0, 0, 
3.75, 3.18314, 1.25, 
3.75, 0, 1.25, 
-3.75, 0, 2.5, 
-3.75, 3.18314, 1.25, 
-3.75, 0, 1.25, 
-3.75, 0, 3.75, 
-3.75, 3.18314, 2.5, 
-3.75, 0, 2.5, 
1.25, -0, -3.75, 
0, -0, -5, 
0, -0, -3.75, 
2.5, -0, -3.75, 
3.75, 3.18314, -3.75, 
3.75, -0, -3.75, 
0, -0, -3.75, 
-1.25, 4.20597, -3.75, 
0, 5.33048, -3.75, 
0, 0, 3.75, 
1.25, 4.20598, 3.75, 
0, 5.33049, 3.75, 
-3.75, 0, 0, 
-5, -0, -1.25, 
-5, 0, 0, 
-3.75, 0, 0, 
-3.75, -0, -1.25, 
-5, -0, -1.25, 
-3.75, -0, -1.25, 
-5, -0, -2.5, 
-5, -0, -1.25, 
-3.75, -0, -2.5, 
-5, -0, -3.75, 
-5, -0, -2.5, 
-3.75, -0, -2.5, 
-3.75, -0, -3.75, 
-5, -0, -3.75, 
-3.75, -0, -3.75, 
-5, -0, -5, 
-5, -0, -3.75, 
-1.25, 0, 5, 
-2.5, 0, 3.75, 
-2.5, 0, 5, 
-1.25, 0, 5, 
-1.25, 0, 3.75, 
-2.5, 0, 3.75, 
3.75, -0, -3.75, 
3.75, 3.18314, -2.5, 
3.75, -0, -2.5, 
-3.75, 0, 5, 
-5, 0, 3.75, 
-5, 0, 5, 
-3.75, 0, 5, 
-3.75, 0, 3.75, 
-5, 0, 3.75, 
-3.75, 0, 3.75, 
-5, 0, 2.5, 
-5, 0, 3.75, 
-3.75, 0, 2.5, 
-5, 0, 1.25, 
-5, 0, 2.5, 
-3.75, 0, 2.5, 
-3.75, 0, 1.25, 
-5, 0, 1.25, 
-3.75, 0, 1.25, 
-5, 0, 0, 
-5, 0, 1.25, 
3.75, 0, 5, 
2.5, 0, 3.75, 
2.5, 0, 5, 
3.75, 0, 5, 
3.75, 0, 3.75, 
2.5, 0, 3.75, 
3.75, 0, 2.5, 
3.75, 3.18314, 3.75, 
3.75, 0, 3.75, 
1.25, 0, 5, 
0, 0, 3.75, 
0, 0, 5, 
1.25, 0, 5, 
1.25, 0, 3.75, 
0, 0, 3.75, 
-3.75, -0, -2.5, 
-3.75, 3.18314, -3.75, 
-3.75, -0, -3.75, 
3.75, -0, -1.25, 
3.75, 3.18314, -0, 
3.75, 0, 0, 
-3.75, -0, -1.25, 
-3.75, 3.18314, -2.5, 
-3.75, -0, -2.5, 
0, 0, 3.75, 
-1.25, 4.20598, 3.75, 
-1.25, 0, 3.75, 
0, -0, -3.75, 
1.25, 4.20597, -3.75, 
1.25, -0, -3.75, 
3.75, 0, 1.25, 
3.75, 3.18314, 2.5, 
3.75, 0, 2.5, 
-1.25, -0, -3.75, 
-2.5, 3.18314, -3.75, 
-1.25, 4.20597, -3.75, 
3.75, 0, 3.75, 
2.5, 3.18314, 3.75, 
2.5, 0, 3.75, 
-3.75, 0, 1.25, 
-3.75, 3.18314, -0, 
-3.75, 0, 0, 
-3.75, 0, 0, 
-3.75, 3.18314, -1.25, 
-3.75, -0, -1.25, 
1.25, 0, 3.75, 
2.5, 3.18314, 3.75, 
1.25, 4.20598, 3.75, 
-1.25, 0, 3.75, 
-2.5, 3.18314, 3.75, 
-2.5, 0, 3.75, 
-1.25, -0, -3.75, 
-2.5, -0, -5, 
-2.5, -0, -3.75, 
-3.75, -0, -3.75, 
-2.5, 3.18314, -3.75, 
-2.5, -0, -3.75, 
3.75, -0, -2.5, 
3.75, 3.18314, -1.25, 
3.75, -0, -1.25, 
3.75, -0, -3.75, 
2.5, -0, -5, 
2.5, -0, -3.75, 
0, 5.33048, -2.5, 
-1.25, 4.20597, -3.75, 
-1.25, 4.20597, -2.5, 
0, 5.33048, 2.5, 
-1.25, 4.20597, 1.25, 
-1.25, 4.20597, 2.5, 
2.5, 3.18314, 2.5, 
1.25, 4.20597, 1.25, 
1.25, 4.20597, 2.5, 
-2.5, 3.18314, 2.5, 
-3.75, 3.18314, 1.25, 
-3.75, 3.18314, 2.5, 
-2.5, 3.18314, -2.5, 
-3.75, 3.18314, -3.75, 
-3.75, 3.18314, -2.5, 
-2.5, 3.18314, -0, 
-3.75, 3.18314, -1.25, 
-3.75, 3.18314, -0, 
0, 5.33048, -0, 
-1.25, 4.20597, -1.25, 
-1.25, 4.20597, -0, 
2.5, 3.18314, -2.5, 
1.25, 4.20597, -3.75, 
1.25, 4.20597, -2.5, 
2.5, 3.18314, -0, 
1.25, 4.20597, -1.25, 
1.25, 4.20597, -0, 
0, 5.33048, -2.5, 
0, 5.33048, -3.75, 
-1.25, 4.20597, -3.75, 
0, 5.33048, 2.5, 
0, 5.33048, 1.25, 
-1.25, 4.20597, 1.25, 
2.5, 3.18314, 2.5, 
2.5, 3.18314, 1.25, 
1.25, 4.20597, 1.25, 
-2.5, 3.18314, 2.5, 
-2.5, 3.18314, 1.25, 
-3.75, 3.18314, 1.25, 
-2.5, 3.18314, -2.5, 
-2.5, 3.18314, -3.75, 
-3.75, 3.18314, -3.75, 
-2.5, 3.18314, -0, 
-2.5, 3.18314, -1.25, 
-3.75, 3.18314, -1.25, 
0, 5.33048, -0, 
0, 5.33048, -1.25, 
-1.25, 4.20597, -1.25, 
2.5, 3.18314, -2.5, 
2.5, 3.18314, -3.75, 
1.25, 4.20597, -3.75, 
2.5, 3.18314, -0, 
2.5, 3.18314, -1.25, 
1.25, 4.20597, -1.25, 
3.75, 3.18314, -1.25, 
3.75, 3.18314, -2.5, 
2.5, 3.18314, -2.5, 
1.25, 4.20597, -1.25, 
1.25, 4.20597, -2.5, 
0, 5.33048, -2.5, 
1.25, 4.20597, -1.25, 
2.5, 3.18314, -1.25, 
1.25, 4.20597, -2.5, 
2.5, 3.18314, -1.25, 
2.5, 3.18314, -2.5, 
1.25, 4.20597, -2.5, 
-1.25, 4.20597, -1.25, 
-1.25, 4.20597, -2.5, 
-2.5, 3.18314, -2.5, 
-1.25, 4.20597, -1.25, 
0, 5.33048, -1.25, 
-1.25, 4.20597, -2.5, 
0, 5.33048, -1.25, 
0, 5.33048, -2.5, 
-1.25, 4.20597, -2.5, 
-3.75, 3.18314, -1.25, 
-2.5, 3.18314, -1.25, 
-3.75, 3.18314, -2.5, 
-2.5, 3.18314, -1.25, 
-2.5, 3.18314, -2.5, 
-3.75, 3.18314, -2.5, 
-1.25, 4.20598, 3.75, 
-1.25, 4.20597, 2.5, 
-2.5, 3.18314, 2.5, 
-1.25, 4.20598, 3.75, 
0, 5.33049, 3.75, 
-1.25, 4.20597, 2.5, 
0, 5.33049, 3.75, 
0, 5.33048, 2.5, 
-1.25, 4.20597, 2.5, 
-3.75, 3.18314, 3.75, 
-2.5, 3.18314, 3.75, 
-3.75, 3.18314, 2.5, 
-2.5, 3.18314, 3.75, 
-2.5, 3.18314, 2.5, 
-3.75, 3.18314, 2.5, 
-3.75, 3.18314, 1.25, 
-2.5, 3.18314, 1.25, 
-3.75, 3.18314, -0, 
-2.5, 3.18314, 1.25, 
-2.5, 3.18314, -0, 
-3.75, 3.18314, -0, 
3.75, 3.18314, 3.75, 
3.75, 3.18314, 2.5, 
2.5, 3.18314, 2.5, 
1.25, 4.20598, 3.75, 
1.25, 4.20597, 2.5, 
0, 5.33048, 2.5, 
1.25, 4.20598, 3.75, 
2.5, 3.18314, 3.75, 
1.25, 4.20597, 2.5, 
2.5, 3.18314, 3.75, 
2.5, 3.18314, 2.5, 
1.25, 4.20597, 2.5, 
1.25, 4.20597, 1.25, 
1.25, 4.20597, -0, 
0, 5.33048, -0, 
1.25, 4.20597, 1.25, 
2.5, 3.18314, 1.25, 
1.25, 4.20597, -0, 
2.5, 3.18314, 1.25, 
2.5, 3.18314, -0, 
1.25, 4.20597, -0, 
3.75, 3.18314, 1.25, 
3.75, 3.18314, -0, 
2.5, 3.18314, -0, 
-1.25, 4.20597, 1.25, 
-1.25, 4.20597, -0, 
-2.5, 3.18314, -0, 
-1.25, 4.20597, 1.25, 
0, 5.33048, 1.25, 
-1.25, 4.20597, -0, 
0, 5.33048, 1.25, 
0, 5.33048, -0, 
-1.25, 4.20597, -0, 
3.75, 3.18314, -0, 
2.5, 3.18314, -1.25, 
2.5, 3.18314, -0, 
3.75, 3.18314, -0, 
3.75, 3.18314, -1.25, 
2.5, 3.18314, -1.25, 
3.75, 3.18314, -1.25, 
2.5, 3.18314, -2.5, 
2.5, 3.18314, -1.25, 
1.25, 4.20597, -0, 
0, 5.33048, -1.25, 
0, 5.33048, -0, 
1.25, 4.20597, -0, 
1.25, 4.20597, -1.25, 
0, 5.33048, -1.25, 
1.25, 4.20597, -1.25, 
0, 5.33048, -2.5, 
0, 5.33048, -1.25, 
1.25, 4.20597, -2.5, 
0, 5.33048, -3.75, 
0, 5.33048, -2.5, 
1.25, 4.20597, -2.5, 
1.25, 4.20597, -3.75, 
0, 5.33048, -3.75, 
-1.25, 4.20597, -0, 
-2.5, 3.18314, -1.25, 
-2.5, 3.18314, -0, 
-1.25, 4.20597, -0, 
-1.25, 4.20597, -1.25, 
-2.5, 3.18314, -1.25, 
-1.25, 4.20597, -1.25, 
-2.5, 3.18314, -2.5, 
-2.5, 3.18314, -1.25, 
-1.25, 4.20598, 3.75, 
-2.5, 3.18314, 2.5, 
-2.5, 3.18314, 3.75, 
3.75, 3.18314, 3.75, 
2.5, 3.18314, 2.5, 
2.5, 3.18314, 3.75, 
1.25, 4.20598, 3.75, 
0, 5.33048, 2.5, 
0, 5.33049, 3.75, 
1.25, 4.20597, 2.5, 
0, 5.33048, 1.25, 
0, 5.33048, 2.5, 
1.25, 4.20597, 2.5, 
1.25, 4.20597, 1.25, 
0, 5.33048, 1.25, 
1.25, 4.20597, 1.25, 
0, 5.33048, -0, 
0, 5.33048, 1.25, 
3.75, 3.18314, 2.5, 
2.5, 3.18314, 1.25, 
2.5, 3.18314, 2.5, 
3.75, 3.18314, 2.5, 
3.75, 3.18314, 1.25, 
2.5, 3.18314, 1.25, 
3.75, 3.18314, 1.25, 
2.5, 3.18314, -0, 
2.5, 3.18314, 1.25, 
-1.25, 4.20597, 2.5, 
-2.5, 3.18314, 1.25, 
-2.5, 3.18314, 2.5, 
-1.25, 4.20597, 2.5, 
-1.25, 4.20597, 1.25, 
-2.5, 3.18314, 1.25, 
-1.25, 4.20597, 1.25, 
-2.5, 3.18314, -0, 
-2.5, 3.18314, 1.25, 
-1.25, 4.20597, -2.5, 
-2.5, 3.18314, -3.75, 
-2.5, 3.18314, -2.5, 
-1.25, 4.20597, -2.5, 
-1.25, 4.20597, -3.75, 
-2.5, 3.18314, -3.75, 
3.75, 3.18314, -2.5, 
2.5, 3.18314, -3.75, 
2.5, 3.18314, -2.5, 
3.75, 3.18314, -2.5, 
3.75, 3.18314, -3.75, 
2.5, 3.18314, -3.75, 
-2.5, 0, 3.75, 
-2.5, 3.18314, 3.75, 
-3.75, 3.18314, 3.75, 
1.25, -0, -3.75, 
1.25, 4.20597, -3.75, 
2.5, 3.18314, -3.75, 
3.75, 0, 0, 
3.75, 3.18314, -0, 
3.75, 3.18314, 1.25, 
-3.75, 0, 2.5, 
-3.75, 3.18314, 2.5, 
-3.75, 3.18314, 1.25, 
-3.75, 0, 3.75, 
-3.75, 3.18314, 3.75, 
-3.75, 3.18314, 2.5, 
2.5, -0, -3.75, 
2.5, 3.18314, -3.75, 
3.75, 3.18314, -3.75, 
0, -0, -3.75, 
-1.25, -0, -3.75, 
-1.25, 4.20597, -3.75, 
0, 0, 3.75, 
1.25, 0, 3.75, 
1.25, 4.20598, 3.75, 
3.75, -0, -3.75, 
3.75, 3.18314, -3.75, 
3.75, 3.18314, -2.5, 
3.75, 0, 2.5, 
3.75, 3.18314, 2.5, 
3.75, 3.18314, 3.75, 
-3.75, -0, -2.5, 
-3.75, 3.18314, -2.5, 
-3.75, 3.18314, -3.75, 
3.75, -0, -1.25, 
3.75, 3.18314, -1.25, 
3.75, 3.18314, -0, 
-3.75, -0, -1.25, 
-3.75, 3.18314, -1.25, 
-3.75, 3.18314, -2.5, 
0, 0, 3.75, 
0, 5.33049, 3.75, 
-1.25, 4.20598, 3.75, 
0, -0, -3.75, 
0, 5.33048, -3.75, 
1.25, 4.20597, -3.75, 
3.75, 0, 1.25, 
3.75, 3.18314, 1.25, 
3.75, 3.18314, 2.5, 
-1.25, -0, -3.75, 
-2.5, -0, -3.75, 
-2.5, 3.18314, -3.75, 
3.75, 0, 3.75, 
3.75, 3.18314, 3.75, 
2.5, 3.18314, 3.75, 
-3.75, 0, 1.25, 
-3.75, 3.18314, 1.25, 
-3.75, 3.18314, -0, 
-3.75, 0, 0, 
-3.75, 3.18314, -0, 
-3.75, 3.18314, -1.25, 
1.25, 0, 3.75, 
2.5, 0, 3.75, 
2.5, 3.18314, 3.75, 
-1.25, 0, 3.75, 
-1.25, 4.20598, 3.75, 
-2.5, 3.18314, 3.75, 
-3.75, -0, -3.75, 
-3.75, 3.18314, -3.75, 
-2.5, 3.18314, -3.75, 
3.75, -0, -2.5, 
3.75, 3.18314, -2.5, 
3.75, 3.18314, -1.25, 
]);
var en = new Float32Array([
0, 1, -0, 
0.3015, 0.9045, -0.3015, 
0.7071, 0.7071, -0, 
0, 1, -0, 
0.7071, 0.7071, -0, 
0.7071, 0.7071, -0, 
0, 1, -0, 
-0, 0.7071, 0.7071, 
0, 1, -0, 
0, 1, -0, 
0.3015, 0.9045, 0.3015, 
0, 1, -0, 
0, 1, -0, 
-0.3015, 0.9045, 0.3015, 
0, 1, -0, 
0, 1, -0, 
-0, 0.7071, 0.7071, 
0, 1, -0, 
0, 1, -0, 
0.7071, 0.7071, -0, 
0.7071, 0.7071, -0, 
0, 1, -0, 
0, 1, -0, 
0.3015, 0.9045, -0.3015, 
0, 1, -0, 
0, 1, -0, 
0.7071, 0.7071, -0, 
0, 1, -0, 
-0, 0.7071, 0.7071, 
-0, 0.7071, 0.7071, 
0, 1, -0, 
0, 1, -0, 
0.3015, 0.9045, 0.3015, 
0, 1, -0, 
-0, 0.7071, 0.7071, 
-0.3015, 0.9045, 0.3015, 
0, 1, -0, 
-0, 0.7071, 0.7071, 
-0, 0.7071, 0.7071, 
0, 1, -0, 
0, 1, -0, 
0.7071, 0.7071, -0, 
0.7071, 0.7071, -0, 
0, 1, -0, 
0.7071, 0.7071, -0, 
0, 1, -0, 
0, 1, -0, 
0.7071, 0.7071, -0, 
0, 0.7071, -0.7071, 
0, 1, -0, 
0, 1, -0, 
0, 0.7071, -0.7071, 
0, 0.7071, -0.7071, 
0, 1, -0, 
0, 0.7071, -0.7071, 
0, 1, -0, 
0, 1, -0, 
-0.7071, 0.7071, -0, 
-0.7071, 0.7071, -0, 
0, 1, -0, 
-0.3015, 0.9045, -0.3015, 
0, 1, -0, 
0, 1, -0, 
-0.3015, 0.9045, -0.3015, 
0, 0.7071, -0.7071, 
0, 1, -0, 
0, 0.7071, -0.7071, 
0, 1, -0, 
0, 1, -0, 
-0.3015, 0.9045, 0.3015, 
-0.7071, 0.7071, -0, 
0, 1, -0, 
-0.7071, 0.7071, -0, 
-0.7071, 0.7071, -0, 
0, 1, -0, 
0.3015, 0.9045, 0.3015, 
0, 1, -0, 
0.7071, 0.7071, -0, 
0, 1, -0, 
0, 1, -0, 
0.7071, 0.7071, -0, 
0.7071, 0.7071, -0, 
0, 1, -0, 
0.7071, 0.7071, -0, 
0, 1, -0, 
0, 1, -0, 
0.7071, 0.7071, -0, 
0, 0.7071, -0.7071, 
0, 1, -0, 
0, 1, -0, 
0, 0.7071, -0.7071, 
0, 0.7071, -0.7071, 
0, 1, -0, 
0, 0.7071, -0.7071, 
0, 1, -0, 
0, 1, -0, 
0.3015, 0.9045, -0.3015, 
0, 1, -0, 
0, 1, -0, 
0.3015, 0.9045, -0.3015, 
0, 1, -0, 
0, 1, -0, 
0, 1, -0, 
0, 1, -0, 
0, 1, -0, 
-0, 0.7071, 0.7071, 
-0.5774, 0.5774, 0.5774, 
-0.3015, 0.9045, 0.3015, 
0, 0.7071, -0.7071, 
0.2056, 0.576, -0.7912, 
0, 0.7071, -0.7071, 
0.7071, 0.7071, -0, 
0.7071, 0.7071, -0, 
0.7071, 0.7071, -0, 
-0.7071, 0.7071, -0, 
-0.7071, 0.7071, -0, 
-0.7071, 0.7071, -0, 
-0.3015, 0.9045, 0.3015, 
-0.7071, 0.7071, -0, 
-0.7071, 0.7071, -0, 
0, 0.7071, -0.7071, 
0, 1, -0, 
0, 0.7071, -0.7071, 
0, 0.7071, -0.7071, 
0.5774, 0.5774, -0.5774, 
0.3015, 0.9045, -0.3015, 
0, 0.7071, -0.7071, 
-0.457, 0.5326, -0.7124, 
-0, 0.8124, -0.5831, 
-0, 0.7071, 0.7071, 
0.457, 0.5326, 0.7124, 
0, 0.8124, 0.5831, 
-0.7071, 0.7071, -0, 
0, 1, -0, 
0, 1, -0, 
-0.7071, 0.7071, -0, 
-0.7071, 0.7071, -0, 
0, 1, -0, 
-0.7071, 0.7071, -0, 
0, 1, -0, 
0, 1, -0, 
-0.7071, 0.7071, -0, 
0, 1, -0, 
0, 1, -0, 
-0.7071, 0.7071, -0, 
-0.3015, 0.9045, -0.3015, 
0, 1, -0, 
-0.3015, 0.9045, -0.3015, 
0, 1, -0, 
0, 1, -0, 
0, 1, -0, 
-0, 0.7071, 0.7071, 
0, 1, -0, 
0, 1, -0, 
-0, 0.7071, 0.7071, 
-0, 0.7071, 0.7071, 
0.3015, 0.9045, -0.3015, 
0.7071, 0.7071, -0, 
0.7071, 0.7071, -0, 
0, 1, -0, 
0, 1, -0, 
0, 1, -0, 
0, 1, -0, 
-0.3015, 0.9045, 0.3015, 
0, 1, -0, 
-0.3015, 0.9045, 0.3015, 
0, 1, -0, 
0, 1, -0, 
-0.7071, 0.7071, -0, 
0, 1, -0, 
0, 1, -0, 
-0.7071, 0.7071, -0, 
-0.7071, 0.7071, -0, 
0, 1, -0, 
-0.7071, 0.7071, -0, 
0, 1, -0, 
0, 1, -0, 
0, 1, -0, 
-0, 0.7071, 0.7071, 
0, 1, -0, 
0, 1, -0, 
0.3015, 0.9045, 0.3015, 
-0, 0.7071, 0.7071, 
0.7071, 0.7071, -0, 
0.5774, 0.5774, 0.5774, 
0.3015, 0.9045, 0.3015, 
0, 1, -0, 
-0, 0.7071, 0.7071, 
0, 1, -0, 
0, 1, -0, 
-0, 0.7071, 0.7071, 
-0, 0.7071, 0.7071, 
-0.7071, 0.7071, -0, 
-0.5774, 0.5774, -0.5774, 
-0.3015, 0.9045, -0.3015, 
0.7071, 0.7071, -0, 
0.7071, 0.7071, -0, 
0.7071, 0.7071, -0, 
-0.7071, 0.7071, -0, 
-0.7071, 0.7071, -0, 
-0.7071, 0.7071, -0, 
-0, 0.7071, 0.7071, 
-0.457, 0.5326, 0.7124, 
-0, 0.7071, 0.7071, 
0, 0.7071, -0.7071, 
0.457, 0.5326, -0.7124, 
0, 0.7071, -0.7071, 
0.7071, 0.7071, -0, 
0.7071, 0.7071, -0, 
0.7071, 0.7071, -0, 
0, 0.7071, -0.7071, 
-0.2056, 0.576, -0.7912, 
-0.457, 0.5326, -0.7124, 
0.3015, 0.9045, 0.3015, 
0.2056, 0.576, 0.7912, 
-0, 0.7071, 0.7071, 
-0.7071, 0.7071, -0, 
-0.7071, 0.7071, -0, 
-0.7071, 0.7071, -0, 
-0.7071, 0.7071, -0, 
-0.7071, 0.7071, -0, 
-0.7071, 0.7071, -0, 
-0, 0.7071, 0.7071, 
0.2056, 0.576, 0.7912, 
0.457, 0.5326, 0.7124, 
-0, 0.7071, 0.7071, 
-0.2056, 0.576, 0.7912, 
-0, 0.7071, 0.7071, 
0, 0.7071, -0.7071, 
0, 1, -0, 
0, 0.7071, -0.7071, 
-0.3015, 0.9045, -0.3015, 
-0.2056, 0.576, -0.7912, 
0, 0.7071, -0.7071, 
0.7071, 0.7071, -0, 
0.7071, 0.7071, -0, 
0.7071, 0.7071, -0, 
0.3015, 0.9045, -0.3015, 
0, 1, -0, 
0, 0.7071, -0.7071, 
0, 1, -0, 
-0.457, 0.5326, -0.7124, 
-0.6512, 0.7589, -0, 
0, 1, -0, 
-0.6512, 0.7589, -0, 
-0.6512, 0.7589, -0, 
0.3362, 0.9418, 0, 
0.6512, 0.7589, 0, 
0.6512, 0.7589, 0, 
-0.3362, 0.9418, -0, 
-0.7071, 0.7071, -0, 
-0.7071, 0.7071, -0, 
-0.3362, 0.9418, -0, 
-0.5774, 0.5774, -0.5774, 
-0.7071, 0.7071, -0, 
-0.3362, 0.9418, -0, 
-0.7071, 0.7071, -0, 
-0.7071, 0.7071, -0, 
0, 1, -0, 
-0.6512, 0.7589, -0, 
-0.6512, 0.7589, -0, 
0.3362, 0.9418, 0, 
0.457, 0.5326, -0.7124, 
0.6512, 0.7589, 0, 
0.3362, 0.9418, 0, 
0.6512, 0.7589, 0, 
0.6512, 0.7589, 0, 
0, 1, -0, 
-0, 0.8124, -0.5831, 
-0.457, 0.5326, -0.7124, 
0, 1, -0, 
0, 1, -0, 
-0.6512, 0.7589, -0, 
0.3362, 0.9418, 0, 
0.3362, 0.9418, 0, 
0.6512, 0.7589, 0, 
-0.3362, 0.9418, -0, 
-0.3362, 0.9418, -0, 
-0.7071, 0.7071, -0, 
-0.3362, 0.9418, -0, 
-0.2056, 0.576, -0.7912, 
-0.5774, 0.5774, -0.5774, 
-0.3362, 0.9418, -0, 
-0.3362, 0.9418, -0, 
-0.7071, 0.7071, -0, 
0, 1, -0, 
0, 1, -0, 
-0.6512, 0.7589, -0, 
0.3362, 0.9418, 0, 
0.2056, 0.576, -0.7912, 
0.457, 0.5326, -0.7124, 
0.3362, 0.9418, 0, 
0.3362, 0.9418, 0, 
0.6512, 0.7589, 0, 
0.7071, 0.7071, -0, 
0.7071, 0.7071, -0, 
0.3362, 0.9418, 0, 
0.6512, 0.7589, 0, 
0.6512, 0.7589, 0, 
0, 1, -0, 
0.6512, 0.7589, 0, 
0.3362, 0.9418, 0, 
0.6512, 0.7589, 0, 
0.3362, 0.9418, 0, 
0.3362, 0.9418, 0, 
0.6512, 0.7589, 0, 
-0.6512, 0.7589, -0, 
-0.6512, 0.7589, -0, 
-0.3362, 0.9418, -0, 
-0.6512, 0.7589, -0, 
0, 1, -0, 
-0.6512, 0.7589, -0, 
0, 1, -0, 
0, 1, -0, 
-0.6512, 0.7589, -0, 
-0.7071, 0.7071, -0, 
-0.3362, 0.9418, -0, 
-0.7071, 0.7071, -0, 
-0.3362, 0.9418, -0, 
-0.3362, 0.9418, -0, 
-0.7071, 0.7071, -0, 
-0.457, 0.5326, 0.7124, 
-0.6512, 0.7589, -0, 
-0.3362, 0.9418, -0, 
-0.457, 0.5326, 0.7124, 
0, 0.8124, 0.5831, 
-0.6512, 0.7589, -0, 
0, 0.8124, 0.5831, 
0, 1, -0, 
-0.6512, 0.7589, -0, 
-0.5774, 0.5774, 0.5774, 
-0.2056, 0.576, 0.7912, 
-0.7071, 0.7071, -0, 
-0.2056, 0.576, 0.7912, 
-0.3362, 0.9418, -0, 
-0.7071, 0.7071, -0, 
-0.7071, 0.7071, -0, 
-0.3362, 0.9418, -0, 
-0.7071, 0.7071, -0, 
-0.3362, 0.9418, -0, 
-0.3362, 0.9418, -0, 
-0.7071, 0.7071, -0, 
0.5774, 0.5774, 0.5774, 
0.7071, 0.7071, -0, 
0.3362, 0.9418, 0, 
0.457, 0.5326, 0.7124, 
0.6512, 0.7589, 0, 
0, 1, -0, 
0.457, 0.5326, 0.7124, 
0.2056, 0.576, 0.7912, 
0.6512, 0.7589, 0, 
0.2056, 0.576, 0.7912, 
0.3362, 0.9418, 0, 
0.6512, 0.7589, 0, 
0.6512, 0.7589, 0, 
0.6512, 0.7589, 0, 
0, 1, -0, 
0.6512, 0.7589, 0, 
0.3362, 0.9418, 0, 
0.6512, 0.7589, 0, 
0.3362, 0.9418, 0, 
0.3362, 0.9418, 0, 
0.6512, 0.7589, 0, 
0.7071, 0.7071, -0, 
0.7071, 0.7071, -0, 
0.3362, 0.9418, 0, 
-0.6512, 0.7589, -0, 
-0.6512, 0.7589, -0, 
-0.3362, 0.9418, -0, 
-0.6512, 0.7589, -0, 
0, 1, -0, 
-0.6512, 0.7589, -0, 
0, 1, -0, 
0, 1, -0, 
-0.6512, 0.7589, -0, 
0.7071, 0.7071, -0, 
0.3362, 0.9418, 0, 
0.3362, 0.9418, 0, 
0.7071, 0.7071, -0, 
0.7071, 0.7071, -0, 
0.3362, 0.9418, 0, 
0.7071, 0.7071, -0, 
0.3362, 0.9418, 0, 
0.3362, 0.9418, 0, 
0.6512, 0.7589, 0, 
0, 1, -0, 
0, 1, -0, 
0.6512, 0.7589, 0, 
0.6512, 0.7589, 0, 
0, 1, -0, 
0.6512, 0.7589, 0, 
0, 1, -0, 
0, 1, -0, 
0.6512, 0.7589, 0, 
-0, 0.8124, -0.5831, 
0, 1, -0, 
0.6512, 0.7589, 0, 
0.457, 0.5326, -0.7124, 
-0, 0.8124, -0.5831, 
-0.6512, 0.7589, -0, 
-0.3362, 0.9418, -0, 
-0.3362, 0.9418, -0, 
-0.6512, 0.7589, -0, 
-0.6512, 0.7589, -0, 
-0.3362, 0.9418, -0, 
-0.6512, 0.7589, -0, 
-0.3362, 0.9418, -0, 
-0.3362, 0.9418, -0, 
-0.457, 0.5326, 0.7124, 
-0.3362, 0.9418, -0, 
-0.2056, 0.576, 0.7912, 
0.5774, 0.5774, 0.5774, 
0.3362, 0.9418, 0, 
0.2056, 0.576, 0.7912, 
0.457, 0.5326, 0.7124, 
0, 1, -0, 
0, 0.8124, 0.5831, 
0.6512, 0.7589, 0, 
0, 1, -0, 
0, 1, -0, 
0.6512, 0.7589, 0, 
0.6512, 0.7589, 0, 
0, 1, -0, 
0.6512, 0.7589, 0, 
0, 1, -0, 
0, 1, -0, 
0.7071, 0.7071, -0, 
0.3362, 0.9418, 0, 
0.3362, 0.9418, 0, 
0.7071, 0.7071, -0, 
0.7071, 0.7071, -0, 
0.3362, 0.9418, 0, 
0.7071, 0.7071, -0, 
0.3362, 0.9418, 0, 
0.3362, 0.9418, 0, 
-0.6512, 0.7589, -0, 
-0.3362, 0.9418, -0, 
-0.3362, 0.9418, -0, 
-0.6512, 0.7589, -0, 
-0.6512, 0.7589, -0, 
-0.3362, 0.9418, -0, 
-0.6512, 0.7589, -0, 
-0.3362, 0.9418, -0, 
-0.3362, 0.9418, -0, 
-0.6512, 0.7589, -0, 
-0.2056, 0.576, -0.7912, 
-0.3362, 0.9418, -0, 
-0.6512, 0.7589, -0, 
-0.457, 0.5326, -0.7124, 
-0.2056, 0.576, -0.7912, 
0.7071, 0.7071, -0, 
0.2056, 0.576, -0.7912, 
0.3362, 0.9418, 0, 
0.7071, 0.7071, -0, 
0.5774, 0.5774, -0.5774, 
0.2056, 0.576, -0.7912, 
-0, 0.7071, 0.7071, 
-0.2056, 0.576, 0.7912, 
-0.5774, 0.5774, 0.5774, 
0, 0.7071, -0.7071, 
0.457, 0.5326, -0.7124, 
0.2056, 0.576, -0.7912, 
0.7071, 0.7071, -0, 
0.7071, 0.7071, -0, 
0.7071, 0.7071, -0, 
-0.7071, 0.7071, -0, 
-0.7071, 0.7071, -0, 
-0.7071, 0.7071, -0, 
-0.3015, 0.9045, 0.3015, 
-0.5774, 0.5774, 0.5774, 
-0.7071, 0.7071, -0, 
0, 0.7071, -0.7071, 
0.2056, 0.576, -0.7912, 
0.5774, 0.5774, -0.5774, 
0, 0.7071, -0.7071, 
0, 0.7071, -0.7071, 
-0.457, 0.5326, -0.7124, 
-0, 0.7071, 0.7071, 
-0, 0.7071, 0.7071, 
0.457, 0.5326, 0.7124, 
0.3015, 0.9045, -0.3015, 
0.5774, 0.5774, -0.5774, 
0.7071, 0.7071, -0, 
0.7071, 0.7071, -0, 
0.7071, 0.7071, -0, 
0.5774, 0.5774, 0.5774, 
-0.7071, 0.7071, -0, 
-0.7071, 0.7071, -0, 
-0.5774, 0.5774, -0.5774, 
0.7071, 0.7071, -0, 
0.7071, 0.7071, -0, 
0.7071, 0.7071, -0, 
-0.7071, 0.7071, -0, 
-0.7071, 0.7071, -0, 
-0.7071, 0.7071, -0, 
-0, 0.7071, 0.7071, 
0, 0.8124, 0.5831, 
-0.457, 0.5326, 0.7124, 
0, 0.7071, -0.7071, 
-0, 0.8124, -0.5831, 
0.457, 0.5326, -0.7124, 
0.7071, 0.7071, -0, 
0.7071, 0.7071, -0, 
0.7071, 0.7071, -0, 
0, 0.7071, -0.7071, 
0, 0.7071, -0.7071, 
-0.2056, 0.576, -0.7912, 
0.3015, 0.9045, 0.3015, 
0.5774, 0.5774, 0.5774, 
0.2056, 0.576, 0.7912, 
-0.7071, 0.7071, -0, 
-0.7071, 0.7071, -0, 
-0.7071, 0.7071, -0, 
-0.7071, 0.7071, -0, 
-0.7071, 0.7071, -0, 
-0.7071, 0.7071, -0, 
-0, 0.7071, 0.7071, 
-0, 0.7071, 0.7071, 
0.2056, 0.576, 0.7912, 
-0, 0.7071, 0.7071, 
-0.457, 0.5326, 0.7124, 
-0.2056, 0.576, 0.7912, 
-0.3015, 0.9045, -0.3015, 
-0.5774, 0.5774, -0.5774, 
-0.2056, 0.576, -0.7912, 
0.7071, 0.7071, -0, 
0.7071, 0.7071, -0, 
0.7071, 0.7071, -0, 
]);
var eu = new Float32Array([
-0.00036, 0.629983, 
0.187551, 0.814566, 
0.187551, 0.629983, 
-0.00036, 0.633327, 
0.187551, 0.816255, 
0.187551, 0.633327, 
0.375461, 0.995905, 
0.187568, 0.814616, 
0.187568, 0.995905, 
-0.00036, 0.995905, 
0.187551, 0.814616, 
0.187551, 0.995905, 
0.372184, 0.995905, 
0.187602, 0.814616, 
0.187602, 0.995905, 
-0.000326, 0.995905, 
0.185929, 0.814616, 
0.185929, 0.995905, 
-0.00036, 0.999182, 
0.187551, 0.814583, 
0.187551, 0.999182, 
-0.00036, 0.629983, 
-0.00036, 0.814566, 
0.187551, 0.814566, 
-0.00036, 0.633327, 
-0.00036, 0.816255, 
0.187551, 0.816255, 
0.375461, 0.995905, 
0.375461, 0.814616, 
0.187568, 0.814616, 
-0.00036, 0.995905, 
-0.00036, 0.814616, 
0.187551, 0.814616, 
0.372184, 0.995905, 
0.372184, 0.814616, 
0.187602, 0.814616, 
-0.000326, 0.995905, 
-0.000326, 0.814616, 
0.185929, 0.814616, 
-0.00036, 0.999182, 
-0.00036, 0.814583, 
0.187551, 0.814583, 
0.187551, 0.814583, 
-0.00036, 0.814583, 
0.187551, 0.629983, 
-0.00036, 0.814583, 
-0.00036, 0.629983, 
0.187551, 0.629983, 
0.187568, 0.814566, 
0.187568, 0.999148, 
-0.000326, 0.999148, 
0.187568, 0.814566, 
0.375461, 0.814566, 
0.187568, 0.999148, 
0.375461, 0.814566, 
0.375461, 0.999148, 
0.187568, 0.999148, 
0.187602, 0.814583, 
0.187602, 0.629983, 
0.003019, 0.629983, 
0.187602, 0.814566, 
0.187602, 0.999148, 
0.003019, 0.999148, 
0.187602, 0.814566, 
0.372184, 0.814566, 
0.187602, 0.999148, 
0.372184, 0.814566, 
0.372184, 0.999148, 
0.187602, 0.999148, 
0.187602, 0.814616, 
0.187602, 0.633327, 
0.003019, 0.633327, 
0.187602, 0.816255, 
0.187602, 0.999182, 
0.003019, 0.999182, 
0.187551, 0.814616, 
-0.00036, 0.814616, 
0.187551, 0.633327, 
-0.00036, 0.814616, 
-0.00036, 0.633327, 
0.187551, 0.633327, 
0.187551, 0.816255, 
-0.00036, 0.816255, 
0.187551, 0.999182, 
-0.00036, 0.816255, 
-0.00036, 0.999182, 
0.187551, 0.999182, 
0.185929, 0.814566, 
0.185929, 0.999148, 
0.372184, 0.999148, 
0.185929, 0.814566, 
-0.000326, 0.814566, 
0.185929, 0.999148, 
-0.000326, 0.814566, 
-0.000326, 0.999148, 
0.185929, 0.999148, 
0.187551, 0.814566, 
0.187551, 0.999148, 
0.375461, 0.999148, 
0.187551, 0.814566, 
-0.00036, 0.814566, 
0.187551, 0.999148, 
-0.00036, 0.814566, 
-0.00036, 0.999148, 
0.187551, 0.999148, 
0.372184, 0.814616, 
0.187602, 0.814616, 
0.187602, 0.814616, 
0.187568, 0.814566, 
0.375461, 0.814566, 
0.375461, 0.814566, 
0.187551, 0.999182, 
0.187551, 0.816255, 
0.187551, 0.816255, 
0.187602, 0.633327, 
0.187602, 0.816255, 
0.187602, 0.816255, 
0.187602, 0.814616, 
0.187602, 0.633327, 
0.187602, 0.633327, 
0.187568, 0.814566, 
-0.000326, 0.999148, 
-0.000326, 0.814566, 
0.375461, 0.814566, 
0.187551, 0.814566, 
0.187551, 0.814566, 
-0.000326, 0.814566, 
0.185929, 0.814566, 
-0.000326, 0.814566, 
-0.000326, 0.814616, 
0.187568, 0.814616, 
-0.000326, 0.814616, 
0.187602, 0.999182, 
0.003019, 0.814583, 
0.003019, 0.999182, 
0.187602, 0.999182, 
0.187602, 0.814583, 
0.003019, 0.814583, 
0.187602, 0.814583, 
0.003019, 0.629983, 
0.003019, 0.814583, 
0.187602, 0.629983, 
0.003019, 0.814566, 
0.003019, 0.629983, 
0.187602, 0.629983, 
0.187602, 0.814566, 
0.003019, 0.814566, 
0.187602, 0.814566, 
0.003019, 0.999148, 
0.003019, 0.814566, 
0.185929, 0.995905, 
0.372184, 0.814616, 
0.372184, 0.995905, 
0.185929, 0.995905, 
0.185929, 0.814616, 
0.372184, 0.814616, 
0.187551, 0.814566, 
0.187551, 0.629983, 
0.187551, 0.629983, 
0.187602, 0.995905, 
0.003019, 0.814616, 
0.003019, 0.995905, 
0.187602, 0.995905, 
0.187602, 0.814616, 
0.003019, 0.814616, 
0.187602, 0.814616, 
0.003019, 0.633327, 
0.003019, 0.814616, 
0.187602, 0.633327, 
0.003019, 0.816255, 
0.003019, 0.633327, 
0.187602, 0.633327, 
0.187602, 0.816255, 
0.003019, 0.816255, 
0.187602, 0.816255, 
0.003019, 0.999182, 
0.003019, 0.816255, 
0.187551, 0.995905, 
0.375461, 0.814616, 
0.375461, 0.995905, 
0.187551, 0.995905, 
0.187551, 0.814616, 
0.375461, 0.814616, 
0.187551, 0.633327, 
0.187551, 0.814616, 
0.187551, 0.814616, 
0.187568, 0.995905, 
-0.000326, 0.814616, 
-0.000326, 0.995905, 
0.187568, 0.995905, 
0.187568, 0.814616, 
-0.000326, 0.814616, 
0.187602, 0.629983, 
0.187602, 0.814566, 
0.187602, 0.814566, 
0.187551, 0.814583, 
0.187551, 0.999182, 
0.187551, 0.999182, 
0.187602, 0.814583, 
0.187602, 0.629983, 
0.187602, 0.629983, 
-0.000326, 0.814616, 
0.185929, 0.814616, 
0.185929, 0.814616, 
-0.000326, 0.814566, 
0.187568, 0.814566, 
0.187568, 0.814566, 
0.187551, 0.816255, 
0.187551, 0.633327, 
0.187551, 0.633327, 
0.185929, 0.814566, 
0.372184, 0.814566, 
0.185929, 0.814566, 
0.187551, 0.814616, 
0.375461, 0.814616, 
0.375461, 0.814616, 
0.187602, 0.816255, 
0.187602, 0.999182, 
0.187602, 0.999182, 
0.187602, 0.999182, 
0.187602, 0.814583, 
0.187602, 0.814583, 
0.187568, 0.814616, 
0.375461, 0.814616, 
0.187568, 0.814616, 
0.185929, 0.814616, 
0.372184, 0.814616, 
0.372184, 0.814616, 
0.185929, 0.814566, 
0.372184, 0.999148, 
0.372184, 0.814566, 
0.187602, 0.814566, 
0.372184, 0.814566, 
0.372184, 0.814566, 
0.187551, 0.629983, 
0.187551, 0.814583, 
0.187551, 0.814583, 
0.187551, 0.814566, 
0.375461, 0.999148, 
0.375461, 0.814566, 
0.37765, 0.007582, 
0.538528, 0.167016, 
0.538528, 0.007582, 
0.37765, 0.010471, 
0.538528, 0.168475, 
0.538528, 0.010471, 
0.702237, 0.010471, 
0.539944, 0.168475, 
0.539944, 0.010471, 
0.699406, 0.010471, 
0.539973, 0.168475, 
0.539973, 0.010471, 
0.699406, 0.007582, 
0.539973, 0.167016, 
0.539973, 0.007582, 
0.699406, 0.326478, 
0.539973, 0.16703, 
0.539973, 0.326478, 
0.37765, 0.326478, 
0.538528, 0.16703, 
0.538528, 0.326478, 
0.702237, 0.007582, 
0.539944, 0.167016, 
0.539944, 0.007582, 
0.702237, 0.326478, 
0.539944, 0.16703, 
0.539944, 0.326478, 
0.37765, 0.007582, 
0.37765, 0.167016, 
0.538528, 0.167016, 
0.37765, 0.010471, 
0.37765, 0.168475, 
0.538528, 0.168475, 
0.702237, 0.010471, 
0.702237, 0.168475, 
0.539944, 0.168475, 
0.699406, 0.010471, 
0.699406, 0.168475, 
0.539973, 0.168475, 
0.699406, 0.007582, 
0.699406, 0.167016, 
0.539973, 0.167016, 
0.699406, 0.326478, 
0.699406, 0.16703, 
0.539973, 0.16703, 
0.37765, 0.326478, 
0.37765, 0.16703, 
0.538528, 0.16703, 
0.702237, 0.007582, 
0.702237, 0.167016, 
0.539944, 0.167016, 
0.702237, 0.326478, 
0.702237, 0.16703, 
0.539944, 0.16703, 
0.539929, 0.16703, 
0.539929, 0.007582, 
0.702237, 0.007582, 
0.539944, 0.16703, 
0.539944, 0.007582, 
0.37765, 0.007582, 
0.539944, 0.16703, 
0.702237, 0.16703, 
0.539944, 0.007582, 
0.702237, 0.16703, 
0.702237, 0.007582, 
0.539944, 0.007582, 
0.538528, 0.16703, 
0.538528, 0.007582, 
0.699406, 0.007582, 
0.538528, 0.16703, 
0.37765, 0.16703, 
0.538528, 0.007582, 
0.37765, 0.16703, 
0.37765, 0.007582, 
0.538528, 0.007582, 
0.539973, 0.16703, 
0.699406, 0.16703, 
0.539973, 0.007582, 
0.699406, 0.16703, 
0.699406, 0.007582, 
0.539973, 0.007582, 
0.538528, 0.167059, 
0.538528, 0.010471, 
0.699406, 0.010471, 
0.538528, 0.167059, 
0.37765, 0.167059, 
0.538528, 0.010471, 
0.37765, 0.167059, 
0.37765, 0.010471, 
0.538528, 0.010471, 
0.539973, 0.167059, 
0.699406, 0.167059, 
0.539973, 0.010471, 
0.699406, 0.167059, 
0.699406, 0.010471, 
0.539973, 0.010471, 
0.539973, 0.168475, 
0.699406, 0.168475, 
0.539973, 0.326478, 
0.699406, 0.168475, 
0.699406, 0.326478, 
0.539973, 0.326478, 
0.539929, 0.167059, 
0.539929, 0.010471, 
0.702237, 0.010471, 
0.539944, 0.167059, 
0.539944, 0.010471, 
0.37765, 0.010471, 
0.539944, 0.167059, 
0.702237, 0.167059, 
0.539944, 0.010471, 
0.702237, 0.167059, 
0.702237, 0.010471, 
0.539944, 0.010471, 
0.539944, 0.168475, 
0.539944, 0.326478, 
0.37765, 0.326478, 
0.539944, 0.168475, 
0.702237, 0.168475, 
0.539944, 0.326478, 
0.702237, 0.168475, 
0.702237, 0.326478, 
0.539944, 0.326478, 
0.539929, 0.168475, 
0.539929, 0.326478, 
0.702237, 0.326478, 
0.538528, 0.168475, 
0.538528, 0.326478, 
0.699406, 0.326478, 
0.538528, 0.168475, 
0.37765, 0.168475, 
0.538528, 0.326478, 
0.37765, 0.168475, 
0.37765, 0.326478, 
0.538528, 0.326478, 
0.539929, 0.326478, 
0.702237, 0.16703, 
0.702237, 0.326478, 
0.539929, 0.326478, 
0.539929, 0.16703, 
0.702237, 0.16703, 
0.539929, 0.16703, 
0.702237, 0.007582, 
0.702237, 0.16703, 
0.539944, 0.326478, 
0.37765, 0.16703, 
0.37765, 0.326478, 
0.539944, 0.326478, 
0.539944, 0.16703, 
0.37765, 0.16703, 
0.539944, 0.16703, 
0.37765, 0.007582, 
0.37765, 0.16703, 
0.539944, 0.007582, 
0.37765, 0.167016, 
0.37765, 0.007582, 
0.539944, 0.007582, 
0.539944, 0.167016, 
0.37765, 0.167016, 
0.538528, 0.326478, 
0.699406, 0.16703, 
0.699406, 0.326478, 
0.538528, 0.326478, 
0.538528, 0.16703, 
0.699406, 0.16703, 
0.538528, 0.16703, 
0.699406, 0.007582, 
0.699406, 0.16703, 
0.538528, 0.167059, 
0.699406, 0.010471, 
0.699406, 0.167059, 
0.539929, 0.167059, 
0.702237, 0.010471, 
0.702237, 0.167059, 
0.539944, 0.167059, 
0.37765, 0.010471, 
0.37765, 0.167059, 
0.539944, 0.010471, 
0.37765, 0.168475, 
0.37765, 0.010471, 
0.539944, 0.010471, 
0.539944, 0.168475, 
0.37765, 0.168475, 
0.539944, 0.168475, 
0.37765, 0.326478, 
0.37765, 0.168475, 
0.539929, 0.010471, 
0.702237, 0.168475, 
0.702237, 0.010471, 
0.539929, 0.010471, 
0.539929, 0.168475, 
0.702237, 0.168475, 
0.539929, 0.168475, 
0.702237, 0.326478, 
0.702237, 0.168475, 
0.538528, 0.010471, 
0.699406, 0.168475, 
0.699406, 0.010471, 
0.538528, 0.010471, 
0.538528, 0.168475, 
0.699406, 0.168475, 
0.538528, 0.168475, 
0.699406, 0.326478, 
0.699406, 0.168475, 
0.538528, 0.007582, 
0.699406, 0.167016, 
0.699406, 0.007582, 
0.538528, 0.007582, 
0.538528, 0.167016, 
0.699406, 0.167016, 
0.539929, 0.007582, 
0.702237, 0.167016, 
0.702237, 0.007582, 
0.539929, 0.007582, 
0.539929, 0.167016, 
0.702237, 0.167016, 
0.372184, 0.814616, 
0.372184, 0.814616, 
0.187602, 0.814616, 
0.187568, 0.814566, 
0.187568, 0.814566, 
0.375461, 0.814566, 
0.187551, 0.999182, 
0.187551, 0.999182, 
0.187551, 0.816255, 
0.187602, 0.633327, 
0.187602, 0.633327, 
0.187602, 0.816255, 
0.187602, 0.814616, 
0.187602, 0.814616, 
0.187602, 0.633327, 
0.375461, 0.814566, 
0.375461, 0.814566, 
0.187551, 0.814566, 
-0.000326, 0.814566, 
0.185929, 0.814566, 
0.185929, 0.814566, 
-0.000326, 0.814616, 
0.187568, 0.814616, 
0.187568, 0.814616, 
0.187551, 0.814566, 
0.187551, 0.814566, 
0.187551, 0.629983, 
0.187551, 0.633327, 
0.187551, 0.633327, 
0.187551, 0.814616, 
0.187602, 0.629983, 
0.187602, 0.629983, 
0.187602, 0.814566, 
0.187551, 0.814583, 
0.187551, 0.814583, 
0.187551, 0.999182, 
0.187602, 0.814583, 
0.187602, 0.814583, 
0.187602, 0.629983, 
-0.000326, 0.814616, 
-0.000326, 0.814616, 
0.185929, 0.814616, 
-0.000326, 0.814566, 
-0.000326, 0.814566, 
0.187568, 0.814566, 
0.187551, 0.816255, 
0.187551, 0.816255, 
0.187551, 0.633327, 
0.185929, 0.814566, 
0.372184, 0.814566, 
0.372184, 0.814566, 
0.187551, 0.814616, 
0.187551, 0.814616, 
0.375461, 0.814616, 
0.187602, 0.816255, 
0.187602, 0.816255, 
0.187602, 0.999182, 
0.187602, 0.999182, 
0.187602, 0.999182, 
0.187602, 0.814583, 
0.187568, 0.814616, 
0.375461, 0.814616, 
0.375461, 0.814616, 
0.185929, 0.814616, 
0.185929, 0.814616, 
0.372184, 0.814616, 
0.187602, 0.814566, 
0.187602, 0.814566, 
0.372184, 0.814566, 
0.187551, 0.629983, 
0.187551, 0.629983, 
0.187551, 0.814583, 
]);
