var fv = new Float32Array([
5, -0, -2.5, 
3.75, -0, -3.75, 
3.75, -0, -2.5, 
0, 0, 2.5, 
-1.25, 0, 1.25, 
-1.25, 0, 2.5, 
5, 0, 2.5, 
3.75, 0, 1.25, 
3.75, 0, 2.5, 
2.5, 0, 2.5, 
1.25, 0, 1.25, 
1.25, 0, 2.5, 
2.5, 0, 5, 
1.25, 0, 3.75, 
1.25, 0, 5, 
5, 0, 5, 
3.75, 0, 3.75, 
3.75, 0, 5, 
-2.5, 0, 5, 
-3.75, 0, 3.75, 
-3.75, 0, 5, 
0, 0, 5, 
-1.25, 0, 3.75, 
-1.25, 0, 5, 
5, 0, 0, 
3.75, -0, -1.25, 
3.75, 0, 0, 
5, -0, -2.5, 
5, -0, -3.75, 
3.75, -0, -3.75, 
0, 0, 2.5, 
0, 0, 1.25, 
-1.25, 0, 1.25, 
5, 0, 2.5, 
5, 0, 1.25, 
3.75, 0, 1.25, 
2.5, 0, 2.5, 
2.5, 0, 1.25, 
1.25, 0, 1.25, 
2.5, 0, 5, 
2.5, 0, 3.75, 
1.25, 0, 3.75, 
5, 0, 5, 
5, 0, 3.75, 
3.75, 0, 3.75, 
-2.5, 0, 5, 
-2.5, 0, 3.75, 
-3.75, 0, 3.75, 
0, 0, 5, 
0, 0, 3.75, 
-1.25, 0, 3.75, 
5, 0, 0, 
5, -0, -1.25, 
3.75, -0, -1.25, 
3.75, -0, -1.25, 
5, -0, -1.25, 
3.75, -0, -2.5, 
5, -0, -1.25, 
5, -0, -2.5, 
3.75, -0, -2.5, 
1.25, -0, -3.75, 
1.25, -0, -5, 
0, -0, -5, 
1.25, -0, -3.75, 
2.5, -0, -3.75, 
1.25, -0, -5, 
2.5, -0, -3.75, 
2.5, -0, -5, 
1.25, -0, -5, 
-3.75, -0, -1.25, 
-3.75, -0, -2.5, 
-5, -0, -2.5, 
-3.75, -0, -3.75, 
-3.75, -0, -5, 
-5, -0, -5, 
-3.75, -0, -3.75, 
-2.5, -0, -3.75, 
-3.75, -0, -5, 
-2.5, -0, -3.75, 
-2.5, -0, -5, 
-3.75, -0, -5, 
-1.25, 0, 3.75, 
-1.25, 0, 2.5, 
-2.5, 0, 2.5, 
-1.25, 0, 3.75, 
0, 0, 3.75, 
-1.25, 0, 2.5, 
0, 0, 3.75, 
0, 0, 2.5, 
-1.25, 0, 2.5, 
-3.75, 0, 3.75, 
-3.75, 0, 2.5, 
-5, 0, 2.5, 
-3.75, 0, 3.75, 
-2.5, 0, 3.75, 
-3.75, 0, 2.5, 
-2.5, 0, 3.75, 
-2.5, 0, 2.5, 
-3.75, 0, 2.5, 
-3.75, 0, 1.25, 
-3.75, 0, 0, 
-5, 0, 0, 
3.75, 0, 3.75, 
3.75, 0, 2.5, 
2.5, 0, 2.5, 
3.75, 0, 3.75, 
5, 0, 3.75, 
3.75, 0, 2.5, 
5, 0, 3.75, 
5, 0, 2.5, 
3.75, 0, 2.5, 
1.25, 0, 3.75, 
1.25, 0, 2.5, 
0, 0, 2.5, 
1.25, 0, 3.75, 
2.5, 0, 3.75, 
1.25, 0, 2.5, 
2.5, 0, 3.75, 
2.5, 0, 2.5, 
1.25, 0, 2.5, 
-3.75, 0, 1.25, 
-3.75, 3.09494, -0, 
-3.75, 0, 0, 
3.75, 0, 1.25, 
5, 0, 1.25, 
3.75, 0, 0, 
5, 0, 1.25, 
5, 0, 0, 
3.75, 0, 0, 
-3.75, 0, 0, 
-3.75, 3.09494, -1.25, 
-3.75, -0, -1.25, 
3.75, 0, 2.5, 
2.5, 3.09494, 2.5, 
2.5, 0, 2.5, 
1.25, 0, 1.25, 
0, 3.09494, 1.25, 
0, 0, 1.25, 
-1.25, -0, -3.75, 
-1.25, -0, -5, 
-2.5, -0, -5, 
-1.25, -0, -3.75, 
0, -0, -3.75, 
-1.25, -0, -5, 
0, -0, -3.75, 
0, -0, -5, 
-1.25, -0, -5, 
3.75, -0, -3.75, 
3.75, -0, -5, 
2.5, -0, -5, 
3.75, -0, -3.75, 
5, -0, -3.75, 
3.75, -0, -5, 
5, -0, -3.75, 
5, -0, -5, 
3.75, -0, -5, 
-3.75, -0, -3.75, 
-2.5, 3.09494, -3.75, 
-2.5, -0, -3.75, 
-1.25, 0, 1.25, 
-2.5, 3.09494, 1.25, 
-2.5, 0, 1.25, 
3.75, -0, -2.5, 
3.75, 3.09494, -1.25, 
3.75, -0, -1.25, 
1.25, -0, -3.75, 
2.5, 3.09494, -3.75, 
2.5, -0, -3.75, 
-2.5, 0, 1.25, 
-2.5, 3.09494, 2.5, 
-2.5, 0, 2.5, 
2.5, 0, 2.5, 
2.5, 3.09494, 1.25, 
2.5, 0, 1.25, 
3.75, 0, 0, 
3.75, 3.09494, 1.25, 
3.75, 0, 1.25, 
-3.75, 0, 2.5, 
-3.75, 3.09494, 1.25, 
-3.75, 0, 1.25, 
1.25, -0, -3.75, 
0, -0, -5, 
0, -0, -3.75, 
2.5, -0, -3.75, 
3.75, 3.09494, -3.75, 
3.75, -0, -3.75, 
-1.25, -0, -3.75, 
0, 3.09494, -3.75, 
0, -0, -3.75, 
3.75, -0, -3.75, 
3.75, 3.09494, -2.5, 
3.75, -0, -2.5, 
-3.75, 0, 0, 
-5, -0, -1.25, 
-5, 0, 0, 
-3.75, 0, 0, 
-3.75, -0, -1.25, 
-5, -0, -1.25, 
-3.75, -0, -1.25, 
-5, -0, -2.5, 
-5, -0, -1.25, 
-3.75, -0, -2.5, 
-5, -0, -3.75, 
-5, -0, -2.5, 
-3.75, -0, -2.5, 
-3.75, -0, -3.75, 
-5, -0, -3.75, 
-3.75, -0, -3.75, 
-5, -0, -5, 
-5, -0, -3.75, 
-1.25, 0, 5, 
-2.5, 0, 3.75, 
-2.5, 0, 5, 
-1.25, 0, 5, 
-1.25, 0, 3.75, 
-2.5, 0, 3.75, 
-1.25, 0, 3.75, 
-2.5, 0, 2.5, 
-2.5, 0, 3.75, 
-3.75, 0, 5, 
-5, 0, 3.75, 
-5, 0, 5, 
-3.75, 0, 5, 
-3.75, 0, 3.75, 
-5, 0, 3.75, 
-3.75, 0, 3.75, 
-5, 0, 2.5, 
-5, 0, 3.75, 
-3.75, 0, 2.5, 
-5, 0, 1.25, 
-5, 0, 2.5, 
-3.75, 0, 2.5, 
-3.75, 0, 1.25, 
-5, 0, 1.25, 
-3.75, 0, 1.25, 
-5, 0, 0, 
-5, 0, 1.25, 
3.75, 0, 5, 
2.5, 0, 3.75, 
2.5, 0, 5, 
3.75, 0, 5, 
3.75, 0, 3.75, 
2.5, 0, 3.75, 
3.75, 0, 3.75, 
2.5, 0, 2.5, 
2.5, 0, 3.75, 
1.25, 0, 5, 
0, 0, 3.75, 
0, 0, 5, 
1.25, 0, 5, 
1.25, 0, 3.75, 
0, 0, 3.75, 
1.25, 0, 3.75, 
0, 0, 2.5, 
0, 0, 3.75, 
1.25, 0, 2.5, 
0, 0, 1.25, 
0, 0, 2.5, 
1.25, 0, 2.5, 
1.25, 0, 1.25, 
0, 0, 1.25, 
-3.75, -0, -2.5, 
-3.75, 3.09494, -3.75, 
-3.75, -0, -3.75, 
-3.75, -0, -1.25, 
-3.75, 3.09494, -2.5, 
-3.75, -0, -2.5, 
3.75, -0, -1.25, 
3.75, 3.09494, -0, 
3.75, 0, 0, 
2.5, 0, 1.25, 
1.25, 3.09494, 1.25, 
1.25, 0, 1.25, 
-1.25, 0, 2.5, 
-2.5, 0, 1.25, 
-2.5, 0, 2.5, 
-1.25, 0, 2.5, 
-1.25, 0, 1.25, 
-2.5, 0, 1.25, 
-2.5, 0, 2.5, 
-3.75, 3.09494, 2.5, 
-3.75, 0, 2.5, 
0, -0, -3.75, 
1.25, 3.09494, -3.75, 
1.25, -0, -3.75, 
3.75, 0, 1.25, 
3.75, 3.09494, 2.5, 
3.75, 0, 2.5, 
-1.25, -0, -3.75, 
-2.5, -0, -5, 
-2.5, -0, -3.75, 
-2.5, -0, -3.75, 
-1.25, 3.09494, -3.75, 
-1.25, -0, -3.75, 
0, 0, 1.25, 
-1.25, 3.09494, 1.25, 
-1.25, 0, 1.25, 
3.75, -0, -3.75, 
2.5, -0, -5, 
2.5, -0, -3.75, 
0, 3.09494, -2.5, 
-1.25, 3.09494, -3.75, 
-1.25, 3.09494, -2.5, 
-2.5, 3.09494, 2.5, 
-3.75, 3.09494, 1.25, 
-3.75, 3.09494, 2.5, 
-2.5, 3.09494, -2.5, 
-3.75, 3.09494, -3.75, 
-3.75, 3.09494, -2.5, 
-2.5, 3.09494, -0, 
-3.75, 3.09494, -1.25, 
-3.75, 3.09494, -0, 
0, 3.09494, -0, 
-1.25, 3.09494, -1.25, 
-1.25, 3.09494, -0, 
2.5, 3.09494, -2.5, 
1.25, 3.09494, -3.75, 
1.25, 3.09494, -2.5, 
2.5, 3.09494, -0, 
1.25, 3.09494, -1.25, 
1.25, 3.09494, -0, 
0, 3.09494, -2.5, 
0, 3.09494, -3.75, 
-1.25, 3.09494, -3.75, 
-2.5, 3.09494, 2.5, 
-2.5, 3.09494, 1.25, 
-3.75, 3.09494, 1.25, 
-2.5, 3.09494, -2.5, 
-2.5, 3.09494, -3.75, 
-3.75, 3.09494, -3.75, 
-2.5, 3.09494, -0, 
-2.5, 3.09494, -1.25, 
-3.75, 3.09494, -1.25, 
0, 3.09494, -0, 
0, 3.09494, -1.25, 
-1.25, 3.09494, -1.25, 
2.5, 3.09494, -2.5, 
2.5, 3.09494, -3.75, 
1.25, 3.09494, -3.75, 
2.5, 3.09494, -0, 
2.5, 3.09494, -1.25, 
1.25, 3.09494, -1.25, 
3.75, 3.09494, -1.25, 
3.75, 3.09494, -2.5, 
2.5, 3.09494, -2.5, 
1.25, 3.09494, -1.25, 
1.25, 3.09494, -2.5, 
0, 3.09494, -2.5, 
1.25, 3.09494, -1.25, 
2.5, 3.09494, -1.25, 
1.25, 3.09494, -2.5, 
2.5, 3.09494, -1.25, 
2.5, 3.09494, -2.5, 
1.25, 3.09494, -2.5, 
-1.25, 3.09494, -1.25, 
-1.25, 3.09494, -2.5, 
-2.5, 3.09494, -2.5, 
-1.25, 3.09494, -1.25, 
0, 3.09494, -1.25, 
-1.25, 3.09494, -2.5, 
0, 3.09494, -1.25, 
0, 3.09494, -2.5, 
-1.25, 3.09494, -2.5, 
-3.75, 3.09494, -1.25, 
-2.5, 3.09494, -1.25, 
-3.75, 3.09494, -2.5, 
-2.5, 3.09494, -1.25, 
-2.5, 3.09494, -2.5, 
-3.75, 3.09494, -2.5, 
-3.75, 3.09494, 1.25, 
-2.5, 3.09494, 1.25, 
-3.75, 3.09494, -0, 
-2.5, 3.09494, 1.25, 
-2.5, 3.09494, -0, 
-3.75, 3.09494, -0, 
1.25, 3.09494, 1.25, 
1.25, 3.09494, -0, 
0, 3.09494, -0, 
1.25, 3.09494, 1.25, 
2.5, 3.09494, 1.25, 
1.25, 3.09494, -0, 
2.5, 3.09494, 1.25, 
2.5, 3.09494, -0, 
1.25, 3.09494, -0, 
3.75, 3.09494, 1.25, 
3.75, 3.09494, -0, 
2.5, 3.09494, -0, 
-1.25, 3.09494, 1.25, 
-1.25, 3.09494, -0, 
-2.5, 3.09494, -0, 
-1.25, 3.09494, 1.25, 
0, 3.09494, 1.25, 
-1.25, 3.09494, -0, 
0, 3.09494, 1.25, 
0, 3.09494, -0, 
-1.25, 3.09494, -0, 
3.75, 3.09494, -0, 
2.5, 3.09494, -1.25, 
2.5, 3.09494, -0, 
3.75, 3.09494, -0, 
3.75, 3.09494, -1.25, 
2.5, 3.09494, -1.25, 
3.75, 3.09494, -1.25, 
2.5, 3.09494, -2.5, 
2.5, 3.09494, -1.25, 
1.25, 3.09494, -0, 
0, 3.09494, -1.25, 
0, 3.09494, -0, 
1.25, 3.09494, -0, 
1.25, 3.09494, -1.25, 
0, 3.09494, -1.25, 
1.25, 3.09494, -1.25, 
0, 3.09494, -2.5, 
0, 3.09494, -1.25, 
1.25, 3.09494, -2.5, 
0, 3.09494, -3.75, 
0, 3.09494, -2.5, 
1.25, 3.09494, -2.5, 
1.25, 3.09494, -3.75, 
0, 3.09494, -3.75, 
-1.25, 3.09494, -0, 
-2.5, 3.09494, -1.25, 
-2.5, 3.09494, -0, 
-1.25, 3.09494, -0, 
-1.25, 3.09494, -1.25, 
-2.5, 3.09494, -1.25, 
-1.25, 3.09494, -1.25, 
-2.5, 3.09494, -2.5, 
-2.5, 3.09494, -1.25, 
1.25, 3.09494, 1.25, 
0, 3.09494, -0, 
0, 3.09494, 1.25, 
3.75, 3.09494, 2.5, 
2.5, 3.09494, 1.25, 
2.5, 3.09494, 2.5, 
3.75, 3.09494, 2.5, 
3.75, 3.09494, 1.25, 
2.5, 3.09494, 1.25, 
3.75, 3.09494, 1.25, 
2.5, 3.09494, -0, 
2.5, 3.09494, 1.25, 
-1.25, 3.09494, 1.25, 
-2.5, 3.09494, -0, 
-2.5, 3.09494, 1.25, 
-1.25, 3.09494, -2.5, 
-2.5, 3.09494, -3.75, 
-2.5, 3.09494, -2.5, 
-1.25, 3.09494, -2.5, 
-1.25, 3.09494, -3.75, 
-2.5, 3.09494, -3.75, 
3.75, 3.09494, -2.5, 
2.5, 3.09494, -3.75, 
2.5, 3.09494, -2.5, 
3.75, 3.09494, -2.5, 
3.75, 3.09494, -3.75, 
2.5, 3.09494, -3.75, 
-3.75, 0, 1.25, 
-3.75, 3.09494, 1.25, 
-3.75, 3.09494, -0, 
-3.75, 0, 0, 
-3.75, 3.09494, -0, 
-3.75, 3.09494, -1.25, 
3.75, 0, 2.5, 
3.75, 3.09494, 2.5, 
2.5, 3.09494, 2.5, 
1.25, 0, 1.25, 
1.25, 3.09494, 1.25, 
0, 3.09494, 1.25, 
-3.75, -0, -3.75, 
-3.75, 3.09494, -3.75, 
-2.5, 3.09494, -3.75, 
-1.25, 0, 1.25, 
-1.25, 3.09494, 1.25, 
-2.5, 3.09494, 1.25, 
3.75, -0, -2.5, 
3.75, 3.09494, -2.5, 
3.75, 3.09494, -1.25, 
1.25, -0, -3.75, 
1.25, 3.09494, -3.75, 
2.5, 3.09494, -3.75, 
-2.5, 0, 1.25, 
-2.5, 3.09494, 1.25, 
-2.5, 3.09494, 2.5, 
2.5, 0, 2.5, 
2.5, 3.09494, 2.5, 
2.5, 3.09494, 1.25, 
3.75, 0, 0, 
3.75, 3.09494, -0, 
3.75, 3.09494, 1.25, 
-3.75, 0, 2.5, 
-3.75, 3.09494, 2.5, 
-3.75, 3.09494, 1.25, 
2.5, -0, -3.75, 
2.5, 3.09494, -3.75, 
3.75, 3.09494, -3.75, 
-1.25, -0, -3.75, 
-1.25, 3.09494, -3.75, 
0, 3.09494, -3.75, 
3.75, -0, -3.75, 
3.75, 3.09494, -3.75, 
3.75, 3.09494, -2.5, 
-3.75, -0, -2.5, 
-3.75, 3.09494, -2.5, 
-3.75, 3.09494, -3.75, 
-3.75, -0, -1.25, 
-3.75, 3.09494, -1.25, 
-3.75, 3.09494, -2.5, 
3.75, -0, -1.25, 
3.75, 3.09494, -1.25, 
3.75, 3.09494, -0, 
2.5, 0, 1.25, 
2.5, 3.09494, 1.25, 
1.25, 3.09494, 1.25, 
-2.5, 0, 2.5, 
-2.5, 3.09494, 2.5, 
-3.75, 3.09494, 2.5, 
0, -0, -3.75, 
0, 3.09494, -3.75, 
1.25, 3.09494, -3.75, 
3.75, 0, 1.25, 
3.75, 3.09494, 1.25, 
3.75, 3.09494, 2.5, 
-2.5, -0, -3.75, 
-2.5, 3.09494, -3.75, 
-1.25, 3.09494, -3.75, 
0, 0, 1.25, 
0, 3.09494, 1.25, 
-1.25, 3.09494, 1.25, 
]);
var fn = new Float32Array([
0, 1, -0, 
0.3015, 0.9045, -0.3015, 
0.7071, 0.7071, -0, 
0, 1, -0, 
0, 0.7071, 0.7071, 
0, 1, -0, 
0, 1, -0, 
0.7071, 0.7071, -0, 
0.3015, 0.9045, 0.3015, 
-0.3015, 0.9045, 0.3015, 
0, 0.7071, 0.7071, 
0, 1, -0, 
0, 1, -0, 
0, 1, -0, 
0, 1, -0, 
0, 1, -0, 
0, 1, -0, 
0, 1, -0, 
0, 1, -0, 
0, 1, -0, 
0, 1, -0, 
0, 1, -0, 
0, 1, -0, 
0, 1, -0, 
0, 1, -0, 
0.7071, 0.7071, -0, 
0.7071, 0.7071, -0, 
0, 1, -0, 
0, 1, -0, 
0.3015, 0.9045, -0.3015, 
0, 1, -0, 
0, 0.7071, 0.7071, 
0, 0.7071, 0.7071, 
0, 1, -0, 
0, 1, -0, 
0.7071, 0.7071, -0, 
-0.3015, 0.9045, 0.3015, 
-0.5774, 0.5774, 0.5774, 
0, 0.7071, 0.7071, 
0, 1, -0, 
0, 1, -0, 
0, 1, -0, 
0, 1, -0, 
0, 1, -0, 
0, 1, -0, 
0, 1, -0, 
0, 1, -0, 
0, 1, -0, 
0, 1, -0, 
0, 1, -0, 
0, 1, -0, 
0, 1, -0, 
0, 1, -0, 
0.7071, 0.7071, -0, 
0.7071, 0.7071, -0, 
0, 1, -0, 
0.7071, 0.7071, -0, 
0, 1, -0, 
0, 1, -0, 
0.7071, 0.7071, -0, 
0, 0.7071, -0.7071, 
0, 1, -0, 
0, 1, -0, 
0, 0.7071, -0.7071, 
0, 0.7071, -0.7071, 
0, 1, -0, 
0, 0.7071, -0.7071, 
0, 1, -0, 
0, 1, -0, 
-0.7071, 0.7071, -0, 
-0.7071, 0.7071, -0, 
0, 1, -0, 
-0.3015, 0.9045, -0.3015, 
0, 1, -0, 
0, 1, -0, 
-0.3015, 0.9045, -0.3015, 
0, 0.7071, -0.7071, 
0, 1, -0, 
0, 0.7071, -0.7071, 
0, 1, -0, 
0, 1, -0, 
0, 1, -0, 
0, 1, -0, 
0.3015, 0.9045, 0.3015, 
0, 1, -0, 
0, 1, -0, 
0, 1, -0, 
0, 1, -0, 
0, 1, -0, 
0, 1, -0, 
0, 1, -0, 
-0.3015, 0.9045, 0.3015, 
0, 1, -0, 
0, 1, -0, 
0, 1, -0, 
-0.3015, 0.9045, 0.3015, 
0, 1, -0, 
0.3015, 0.9045, 0.3015, 
-0.3015, 0.9045, 0.3015, 
-0.7071, 0.7071, -0, 
-0.7071, 0.7071, -0, 
0, 1, -0, 
0, 1, -0, 
0.3015, 0.9045, 0.3015, 
-0.3015, 0.9045, 0.3015, 
0, 1, -0, 
0, 1, -0, 
0.3015, 0.9045, 0.3015, 
0, 1, -0, 
0, 1, -0, 
0.3015, 0.9045, 0.3015, 
0, 1, -0, 
0, 1, -0, 
0, 1, -0, 
0, 1, -0, 
0, 1, -0, 
0, 1, -0, 
0, 1, -0, 
-0.3015, 0.9045, 0.3015, 
0, 1, -0, 
-0.7071, 0.7071, -0, 
-0.7071, 0.7071, -0, 
-0.7071, 0.7071, -0, 
0.7071, 0.7071, -0, 
0, 1, -0, 
0.7071, 0.7071, -0, 
0, 1, -0, 
0, 1, -0, 
0.7071, 0.7071, -0, 
-0.7071, 0.7071, -0, 
-0.7071, 0.7071, -0, 
-0.7071, 0.7071, -0, 
0.3015, 0.9045, 0.3015, 
-0.5774, 0.5774, 0.5774, 
-0.3015, 0.9045, 0.3015, 
0, 0.7071, 0.7071, 
0, 0.7071, 0.7071, 
0, 0.7071, 0.7071, 
0, 0.7071, -0.7071, 
0, 1, -0, 
0, 1, -0, 
0, 0.7071, -0.7071, 
0, 0.7071, -0.7071, 
0, 1, -0, 
0, 0.7071, -0.7071, 
0, 1, -0, 
0, 1, -0, 
0.3015, 0.9045, -0.3015, 
0, 1, -0, 
0, 1, -0, 
0.3015, 0.9045, -0.3015, 
0, 1, -0, 
0, 1, -0, 
0, 1, -0, 
0, 1, -0, 
0, 1, -0, 
-0.3015, 0.9045, -0.3015, 
0, 0.7071, -0.7071, 
0, 0.7071, -0.7071, 
0, 0.7071, 0.7071, 
0.3015, 0.9045, 0.3015, 
0.5774, 0.5774, 0.5774, 
0.7071, 0.7071, -0, 
0.7071, 0.7071, -0, 
0.7071, 0.7071, -0, 
0, 0.7071, -0.7071, 
0, 0.7071, -0.7071, 
0, 0.7071, -0.7071, 
0.5774, 0.5774, 0.5774, 
0.5774, 0.5774, 0.5774, 
0.3015, 0.9045, 0.3015, 
-0.3015, 0.9045, 0.3015, 
-0.3015, 0.9045, 0.3015, 
-0.5774, 0.5774, 0.5774, 
0.7071, 0.7071, -0, 
0.7071, 0.7071, -0, 
0.7071, 0.7071, -0, 
-0.3015, 0.9045, 0.3015, 
-0.7071, 0.7071, -0, 
-0.7071, 0.7071, -0, 
0, 0.7071, -0.7071, 
0, 1, -0, 
0, 0.7071, -0.7071, 
0, 0.7071, -0.7071, 
0.5774, 0.5774, -0.5774, 
0.3015, 0.9045, -0.3015, 
0, 0.7071, -0.7071, 
0, 0.7071, -0.7071, 
0, 0.7071, -0.7071, 
0.3015, 0.9045, -0.3015, 
0.7071, 0.7071, -0, 
0.7071, 0.7071, -0, 
-0.7071, 0.7071, -0, 
0, 1, -0, 
0, 1, -0, 
-0.7071, 0.7071, -0, 
-0.7071, 0.7071, -0, 
0, 1, -0, 
-0.7071, 0.7071, -0, 
0, 1, -0, 
0, 1, -0, 
-0.7071, 0.7071, -0, 
0, 1, -0, 
0, 1, -0, 
-0.7071, 0.7071, -0, 
-0.3015, 0.9045, -0.3015, 
0, 1, -0, 
-0.3015, 0.9045, -0.3015, 
0, 1, -0, 
0, 1, -0, 
0, 1, -0, 
0, 1, -0, 
0, 1, -0, 
0, 1, -0, 
0, 1, -0, 
0, 1, -0, 
0, 1, -0, 
0.3015, 0.9045, 0.3015, 
0, 1, -0, 
0, 1, -0, 
0, 1, -0, 
0, 1, -0, 
0, 1, -0, 
0, 1, -0, 
0, 1, -0, 
0, 1, -0, 
0, 1, -0, 
0, 1, -0, 
-0.3015, 0.9045, 0.3015, 
0, 1, -0, 
0, 1, -0, 
-0.3015, 0.9045, 0.3015, 
-0.7071, 0.7071, -0, 
0, 1, -0, 
-0.7071, 0.7071, -0, 
0, 1, -0, 
0, 1, -0, 
0, 1, -0, 
0, 1, -0, 
0, 1, -0, 
0, 1, -0, 
0, 1, -0, 
0, 1, -0, 
0, 1, -0, 
-0.3015, 0.9045, 0.3015, 
0, 1, -0, 
0, 1, -0, 
0, 1, -0, 
0, 1, -0, 
0, 1, -0, 
0, 1, -0, 
0, 1, -0, 
0, 1, -0, 
0, 1, -0, 
0, 1, -0, 
0, 1, -0, 
0, 0.7071, 0.7071, 
0, 1, -0, 
0, 1, -0, 
0, 0.7071, 0.7071, 
0, 0.7071, 0.7071, 
-0.7071, 0.7071, -0, 
-0.5774, 0.5774, -0.5774, 
-0.3015, 0.9045, -0.3015, 
-0.7071, 0.7071, -0, 
-0.7071, 0.7071, -0, 
-0.7071, 0.7071, -0, 
0.7071, 0.7071, -0, 
0.7071, 0.7071, -0, 
0.7071, 0.7071, -0, 
-0.5774, 0.5774, 0.5774, 
0, 0.7071, 0.7071, 
0, 0.7071, 0.7071, 
0, 1, -0, 
0.5774, 0.5774, 0.5774, 
0.3015, 0.9045, 0.3015, 
0, 1, -0, 
0, 0.7071, 0.7071, 
0.5774, 0.5774, 0.5774, 
0.3015, 0.9045, 0.3015, 
-0.5774, 0.5774, 0.5774, 
-0.3015, 0.9045, 0.3015, 
0, 0.7071, -0.7071, 
0, 0.7071, -0.7071, 
0, 0.7071, -0.7071, 
0.7071, 0.7071, -0, 
0.5774, 0.5774, 0.5774, 
0.3015, 0.9045, 0.3015, 
0, 0.7071, -0.7071, 
0, 1, -0, 
0, 0.7071, -0.7071, 
0, 0.7071, -0.7071, 
0, 0.7071, -0.7071, 
0, 0.7071, -0.7071, 
0, 0.7071, 0.7071, 
0, 0.7071, 0.7071, 
0, 0.7071, 0.7071, 
0.3015, 0.9045, -0.3015, 
0, 1, -0, 
0, 0.7071, -0.7071, 
0, 1, -0, 
0, 0.7071, -0.7071, 
0, 1, -0, 
0.5774, 0.5774, 0.5774, 
-0.7071, 0.7071, -0, 
-0.5774, 0.5774, 0.5774, 
0, 1, -0, 
-0.5774, 0.5774, -0.5774, 
-0.7071, 0.7071, -0, 
0, 1, -0, 
-0.7071, 0.7071, -0, 
-0.7071, 0.7071, -0, 
0, 1, -0, 
0, 1, -0, 
0, 1, -0, 
0, 1, -0, 
0, 0.7071, -0.7071, 
0, 1, -0, 
0, 1, -0, 
0, 1, -0, 
0, 1, -0, 
0, 1, -0, 
0, 0.7071, -0.7071, 
0, 0.7071, -0.7071, 
0.5774, 0.5774, 0.5774, 
0.3015, 0.9045, 0.3015, 
-0.7071, 0.7071, -0, 
0, 1, -0, 
0, 0.7071, -0.7071, 
-0.5774, 0.5774, -0.5774, 
0, 1, -0, 
0, 1, -0, 
-0.7071, 0.7071, -0, 
0, 1, -0, 
0, 1, -0, 
0, 1, -0, 
0, 1, -0, 
0, 0.7071, -0.7071, 
0, 0.7071, -0.7071, 
0, 1, -0, 
0, 1, -0, 
0, 1, -0, 
0.7071, 0.7071, -0, 
0.7071, 0.7071, -0, 
0, 1, -0, 
0, 1, -0, 
0, 1, -0, 
0, 1, -0, 
0, 1, -0, 
0, 1, -0, 
0, 1, -0, 
0, 1, -0, 
0, 1, -0, 
0, 1, -0, 
0, 1, -0, 
0, 1, -0, 
0, 1, -0, 
0, 1, -0, 
0, 1, -0, 
0, 1, -0, 
0, 1, -0, 
0, 1, -0, 
0, 1, -0, 
-0.7071, 0.7071, -0, 
0, 1, -0, 
-0.7071, 0.7071, -0, 
0, 1, -0, 
0, 1, -0, 
-0.7071, 0.7071, -0, 
-0.7071, 0.7071, -0, 
0.3015, 0.9045, 0.3015, 
-0.7071, 0.7071, -0, 
0.3015, 0.9045, 0.3015, 
0, 1, -0, 
-0.7071, 0.7071, -0, 
0, 0.7071, 0.7071, 
0, 1, -0, 
0, 1, -0, 
0, 0.7071, 0.7071, 
-0.3015, 0.9045, 0.3015, 
0, 1, -0, 
-0.3015, 0.9045, 0.3015, 
0, 1, -0, 
0, 1, -0, 
0.7071, 0.7071, -0, 
0.7071, 0.7071, -0, 
0, 1, -0, 
0, 0.7071, 0.7071, 
0, 1, -0, 
0, 1, -0, 
0, 0.7071, 0.7071, 
0, 0.7071, 0.7071, 
0, 1, -0, 
0, 0.7071, 0.7071, 
0, 1, -0, 
0, 1, -0, 
0.7071, 0.7071, -0, 
0, 1, -0, 
0, 1, -0, 
0.7071, 0.7071, -0, 
0.7071, 0.7071, -0, 
0, 1, -0, 
0.7071, 0.7071, -0, 
0, 1, -0, 
0, 1, -0, 
0, 1, -0, 
0, 1, -0, 
0, 1, -0, 
0, 1, -0, 
0, 1, -0, 
0, 1, -0, 
0, 1, -0, 
0, 1, -0, 
0, 1, -0, 
0, 1, -0, 
0, 0.7071, -0.7071, 
0, 1, -0, 
0, 1, -0, 
0, 0.7071, -0.7071, 
0, 0.7071, -0.7071, 
0, 1, -0, 
0, 1, -0, 
0, 1, -0, 
0, 1, -0, 
0, 1, -0, 
0, 1, -0, 
0, 1, -0, 
0, 1, -0, 
0, 1, -0, 
0, 0.7071, 0.7071, 
0, 1, -0, 
0, 0.7071, 0.7071, 
0.5774, 0.5774, 0.5774, 
-0.3015, 0.9045, 0.3015, 
-0.5774, 0.5774, 0.5774, 
0.5774, 0.5774, 0.5774, 
0.7071, 0.7071, -0, 
-0.3015, 0.9045, 0.3015, 
0.7071, 0.7071, -0, 
0, 1, -0, 
-0.3015, 0.9045, 0.3015, 
0, 0.7071, 0.7071, 
0, 1, -0, 
0.3015, 0.9045, 0.3015, 
0, 1, -0, 
0, 0.7071, -0.7071, 
0, 1, -0, 
0, 1, -0, 
0, 0.7071, -0.7071, 
0, 0.7071, -0.7071, 
0.7071, 0.7071, -0, 
0, 0.7071, -0.7071, 
0, 1, -0, 
0.7071, 0.7071, -0, 
0.5774, 0.5774, -0.5774, 
0, 0.7071, -0.7071, 
-0.7071, 0.7071, -0, 
-0.7071, 0.7071, -0, 
-0.7071, 0.7071, -0, 
-0.7071, 0.7071, -0, 
-0.7071, 0.7071, -0, 
-0.7071, 0.7071, -0, 
0.3015, 0.9045, 0.3015, 
0.5774, 0.5774, 0.5774, 
-0.5774, 0.5774, 0.5774, 
0, 0.7071, 0.7071, 
0, 0.7071, 0.7071, 
0, 0.7071, 0.7071, 
-0.3015, 0.9045, -0.3015, 
-0.5774, 0.5774, -0.5774, 
0, 0.7071, -0.7071, 
0, 0.7071, 0.7071, 
0, 0.7071, 0.7071, 
0.3015, 0.9045, 0.3015, 
0.7071, 0.7071, -0, 
0.7071, 0.7071, -0, 
0.7071, 0.7071, -0, 
0, 0.7071, -0.7071, 
0, 0.7071, -0.7071, 
0, 0.7071, -0.7071, 
0.5774, 0.5774, 0.5774, 
0.3015, 0.9045, 0.3015, 
0.5774, 0.5774, 0.5774, 
-0.3015, 0.9045, 0.3015, 
-0.5774, 0.5774, 0.5774, 
-0.3015, 0.9045, 0.3015, 
0.7071, 0.7071, -0, 
0.7071, 0.7071, -0, 
0.7071, 0.7071, -0, 
-0.3015, 0.9045, 0.3015, 
-0.5774, 0.5774, 0.5774, 
-0.7071, 0.7071, -0, 
0, 0.7071, -0.7071, 
0, 0.7071, -0.7071, 
0.5774, 0.5774, -0.5774, 
0, 0.7071, -0.7071, 
0, 0.7071, -0.7071, 
0, 0.7071, -0.7071, 
0.3015, 0.9045, -0.3015, 
0.5774, 0.5774, -0.5774, 
0.7071, 0.7071, -0, 
-0.7071, 0.7071, -0, 
-0.7071, 0.7071, -0, 
-0.5774, 0.5774, -0.5774, 
-0.7071, 0.7071, -0, 
-0.7071, 0.7071, -0, 
-0.7071, 0.7071, -0, 
0.7071, 0.7071, -0, 
0.7071, 0.7071, -0, 
0.7071, 0.7071, -0, 
-0.5774, 0.5774, 0.5774, 
-0.3015, 0.9045, 0.3015, 
0, 0.7071, 0.7071, 
0.3015, 0.9045, 0.3015, 
0.5774, 0.5774, 0.5774, 
-0.5774, 0.5774, 0.5774, 
0, 0.7071, -0.7071, 
0, 0.7071, -0.7071, 
0, 0.7071, -0.7071, 
0.7071, 0.7071, -0, 
0.7071, 0.7071, -0, 
0.5774, 0.5774, 0.5774, 
0, 0.7071, -0.7071, 
0, 0.7071, -0.7071, 
0, 0.7071, -0.7071, 
0, 0.7071, 0.7071, 
0, 0.7071, 0.7071, 
0, 0.7071, 0.7071, 
]);
var fu = new Float32Array([
0.002733, 0.634852, 
0.187584, 0.816429, 
0.187584, 0.634852, 
0.002766, 0.638142, 
0.185989, 0.818091, 
0.185989, 0.638142, 
0.002733, 0.638142, 
0.187584, 0.818091, 
0.187584, 0.638142, 
0.372435, 0.638142, 
0.187601, 0.818091, 
0.187601, 0.638142, 
0.372435, 0.994816, 
0.187601, 0.816479, 
0.187601, 0.994816, 
0.002733, 0.994816, 
0.187584, 0.816479, 
0.187584, 0.994816, 
0.369212, 0.994816, 
0.187634, 0.816479, 
0.187634, 0.994816, 
0.002766, 0.994816, 
0.185989, 0.816479, 
0.185989, 0.994816, 
0.002733, 0.998039, 
0.187584, 0.816445, 
0.187584, 0.998039, 
0.002733, 0.634852, 
0.002733, 0.816429, 
0.187584, 0.816429, 
0.002766, 0.638142, 
0.002766, 0.818091, 
0.185989, 0.818091, 
0.002733, 0.638142, 
0.002733, 0.818091, 
0.187584, 0.818091, 
0.372435, 0.638142, 
0.372435, 0.818091, 
0.187601, 0.818091, 
0.372435, 0.994816, 
0.372435, 0.816479, 
0.187601, 0.816479, 
0.002733, 0.994816, 
0.002733, 0.816479, 
0.187584, 0.816479, 
0.369212, 0.994816, 
0.369212, 0.816479, 
0.187634, 0.816479, 
0.002766, 0.994816, 
0.002766, 0.816479, 
0.185989, 0.816479, 
0.002733, 0.998039, 
0.002733, 0.816445, 
0.187584, 0.816445, 
0.187584, 0.816445, 
0.002733, 0.816445, 
0.187584, 0.634852, 
0.002733, 0.816445, 
0.002733, 0.634852, 
0.187584, 0.634852, 
0.187601, 0.816429, 
0.187601, 0.998006, 
0.002766, 0.998006, 
0.187601, 0.816429, 
0.372435, 0.816429, 
0.187601, 0.998006, 
0.372435, 0.816429, 
0.372435, 0.998006, 
0.187601, 0.998006, 
0.187634, 0.816445, 
0.187634, 0.634852, 
0.006056, 0.634852, 
0.187634, 0.816429, 
0.187634, 0.998006, 
0.006056, 0.998006, 
0.187634, 0.816429, 
0.369212, 0.816429, 
0.187634, 0.998006, 
0.369212, 0.816429, 
0.369212, 0.998006, 
0.187634, 0.998006, 
0.185989, 0.816479, 
0.185989, 0.638142, 
0.369212, 0.638142, 
0.185989, 0.816479, 
0.002766, 0.816479, 
0.185989, 0.638142, 
0.002766, 0.816479, 
0.002766, 0.638142, 
0.185989, 0.638142, 
0.187634, 0.816479, 
0.187634, 0.638142, 
0.006056, 0.638142, 
0.187634, 0.816479, 
0.369212, 0.816479, 
0.187634, 0.638142, 
0.369212, 0.816479, 
0.369212, 0.638142, 
0.187634, 0.638142, 
0.187634, 0.818091, 
0.187634, 0.998039, 
0.006056, 0.998039, 
0.187584, 0.816479, 
0.187584, 0.638142, 
0.372435, 0.638142, 
0.187584, 0.816479, 
0.002733, 0.816479, 
0.187584, 0.638142, 
0.002733, 0.816479, 
0.002733, 0.638142, 
0.187584, 0.638142, 
0.187601, 0.816479, 
0.187601, 0.638142, 
0.002766, 0.638142, 
0.187601, 0.816479, 
0.372435, 0.816479, 
0.187601, 0.638142, 
0.372435, 0.816479, 
0.372435, 0.638142, 
0.187601, 0.638142, 
0.187634, 0.818091, 
0.187634, 0.998039, 
0.187634, 0.998039, 
0.187584, 0.818091, 
0.002733, 0.818091, 
0.187584, 0.998039, 
0.002733, 0.818091, 
0.002733, 0.998039, 
0.187584, 0.998039, 
0.187634, 0.998039, 
0.187634, 0.816445, 
0.187634, 0.816445, 
0.187584, 0.638142, 
0.372435, 0.638142, 
0.372435, 0.638142, 
0.187601, 0.818091, 
0.002766, 0.818091, 
0.002766, 0.818091, 
0.185989, 0.816429, 
0.185989, 0.998006, 
0.369212, 0.998006, 
0.185989, 0.816429, 
0.002766, 0.816429, 
0.185989, 0.998006, 
0.002766, 0.816429, 
0.002766, 0.998006, 
0.185989, 0.998006, 
0.187584, 0.816429, 
0.187584, 0.998006, 
0.372435, 0.998006, 
0.187584, 0.816429, 
0.002733, 0.816429, 
0.187584, 0.998006, 
0.002733, 0.816429, 
0.002733, 0.998006, 
0.187584, 0.998006, 
0.187634, 0.816429, 
0.369212, 0.816429, 
0.369212, 0.816429, 
0.185989, 0.818091, 
0.369212, 0.818091, 
0.369212, 0.818091, 
0.187584, 0.634852, 
0.187584, 0.816445, 
0.187584, 0.816445, 
0.187601, 0.816429, 
0.372435, 0.816429, 
0.372435, 0.816429, 
0.369212, 0.818091, 
0.369212, 0.638142, 
0.369212, 0.638142, 
0.372435, 0.638142, 
0.372435, 0.818091, 
0.372435, 0.818091, 
0.187584, 0.998039, 
0.187584, 0.818091, 
0.187584, 0.818091, 
0.187634, 0.638142, 
0.187634, 0.818091, 
0.187634, 0.818091, 
0.187601, 0.816429, 
0.002766, 0.998006, 
0.002766, 0.816429, 
0.372435, 0.816429, 
0.187584, 0.816429, 
0.187584, 0.816429, 
0.185989, 0.816429, 
0.002766, 0.816429, 
0.002766, 0.816429, 
0.187584, 0.816429, 
0.187584, 0.634852, 
0.187584, 0.634852, 
0.187634, 0.998039, 
0.006056, 0.816445, 
0.006056, 0.998039, 
0.187634, 0.998039, 
0.187634, 0.816445, 
0.006056, 0.816445, 
0.187634, 0.816445, 
0.006056, 0.634852, 
0.006056, 0.816445, 
0.187634, 0.634852, 
0.006056, 0.816429, 
0.006056, 0.634852, 
0.187634, 0.634852, 
0.187634, 0.816429, 
0.006056, 0.816429, 
0.187634, 0.816429, 
0.006056, 0.998006, 
0.006056, 0.816429, 
0.185989, 0.994816, 
0.369212, 0.816479, 
0.369212, 0.994816, 
0.185989, 0.994816, 
0.185989, 0.816479, 
0.369212, 0.816479, 
0.185989, 0.816479, 
0.369212, 0.638142, 
0.369212, 0.816479, 
0.187634, 0.994816, 
0.006056, 0.816479, 
0.006056, 0.994816, 
0.187634, 0.994816, 
0.187634, 0.816479, 
0.006056, 0.816479, 
0.187634, 0.816479, 
0.006056, 0.638142, 
0.006056, 0.816479, 
0.187634, 0.638142, 
0.006056, 0.818091, 
0.006056, 0.638142, 
0.187634, 0.638142, 
0.187634, 0.818091, 
0.006056, 0.818091, 
0.187634, 0.818091, 
0.006056, 0.998039, 
0.006056, 0.818091, 
0.187584, 0.994816, 
0.372435, 0.816479, 
0.372435, 0.994816, 
0.187584, 0.994816, 
0.187584, 0.816479, 
0.372435, 0.816479, 
0.187584, 0.816479, 
0.372435, 0.638142, 
0.372435, 0.816479, 
0.187601, 0.994816, 
0.002766, 0.816479, 
0.002766, 0.994816, 
0.187601, 0.994816, 
0.187601, 0.816479, 
0.002766, 0.816479, 
0.187601, 0.816479, 
0.002766, 0.638142, 
0.002766, 0.816479, 
0.187601, 0.638142, 
0.002766, 0.818091, 
0.002766, 0.638142, 
0.187601, 0.638142, 
0.187601, 0.818091, 
0.002766, 0.818091, 
0.187634, 0.634852, 
0.187634, 0.816429, 
0.187634, 0.816429, 
0.187634, 0.816445, 
0.187634, 0.634852, 
0.187634, 0.634852, 
0.187584, 0.816445, 
0.187584, 0.998039, 
0.187584, 0.998039, 
0.372435, 0.818091, 
0.187601, 0.818091, 
0.187601, 0.818091, 
0.185989, 0.638142, 
0.369212, 0.818091, 
0.369212, 0.638142, 
0.185989, 0.638142, 
0.185989, 0.818091, 
0.369212, 0.818091, 
0.369212, 0.638142, 
0.187634, 0.638142, 
0.187634, 0.638142, 
0.002766, 0.816429, 
0.187601, 0.816429, 
0.187601, 0.816429, 
0.187584, 0.818091, 
0.187584, 0.638142, 
0.187584, 0.638142, 
0.185989, 0.816429, 
0.369212, 0.998006, 
0.369212, 0.816429, 
0.369212, 0.816429, 
0.185989, 0.816429, 
0.185989, 0.816429, 
0.002766, 0.818091, 
0.185989, 0.818091, 
0.185989, 0.818091, 
0.187584, 0.816429, 
0.372435, 0.998006, 
0.372435, 0.816429, 
0.017885, 0.385387, 
0.131303, 0.497786, 
0.131303, 0.385387, 
0.244721, 0.387424, 
0.132321, 0.498815, 
0.132321, 0.387424, 
0.244721, 0.385387, 
0.132321, 0.497786, 
0.132321, 0.385387, 
0.244721, 0.610206, 
0.132321, 0.497797, 
0.132321, 0.610206, 
0.017885, 0.610206, 
0.131303, 0.497797, 
0.131303, 0.610206, 
0.246716, 0.385387, 
0.132301, 0.497786, 
0.132301, 0.385387, 
0.246716, 0.610206, 
0.132301, 0.497797, 
0.132301, 0.610206, 
0.017885, 0.385387, 
0.017885, 0.497786, 
0.131303, 0.497786, 
0.244721, 0.387424, 
0.244721, 0.498815, 
0.132321, 0.498815, 
0.244721, 0.385387, 
0.244721, 0.497786, 
0.132321, 0.497786, 
0.244721, 0.610206, 
0.244721, 0.497797, 
0.132321, 0.497797, 
0.017885, 0.610206, 
0.017885, 0.497797, 
0.131303, 0.497797, 
0.246716, 0.385387, 
0.246716, 0.497786, 
0.132301, 0.497786, 
0.246716, 0.610206, 
0.246716, 0.497797, 
0.132301, 0.497797, 
0.13229, 0.497797, 
0.13229, 0.385387, 
0.246716, 0.385387, 
0.132301, 0.497797, 
0.132301, 0.385387, 
0.017885, 0.385387, 
0.132301, 0.497797, 
0.246716, 0.497797, 
0.132301, 0.385387, 
0.246716, 0.497797, 
0.246716, 0.385387, 
0.132301, 0.385387, 
0.131303, 0.497797, 
0.131303, 0.385387, 
0.244721, 0.385387, 
0.131303, 0.497797, 
0.017885, 0.497797, 
0.131303, 0.385387, 
0.017885, 0.497797, 
0.017885, 0.385387, 
0.131303, 0.385387, 
0.132321, 0.497797, 
0.244721, 0.497797, 
0.132321, 0.385387, 
0.244721, 0.497797, 
0.244721, 0.385387, 
0.132321, 0.385387, 
0.132321, 0.498815, 
0.244721, 0.498815, 
0.132321, 0.610206, 
0.244721, 0.498815, 
0.244721, 0.610206, 
0.132321, 0.610206, 
0.132301, 0.498815, 
0.132301, 0.610206, 
0.017885, 0.610206, 
0.132301, 0.498815, 
0.246716, 0.498815, 
0.132301, 0.610206, 
0.246716, 0.498815, 
0.246716, 0.610206, 
0.132301, 0.610206, 
0.13229, 0.498815, 
0.13229, 0.610206, 
0.246716, 0.610206, 
0.131303, 0.498815, 
0.131303, 0.610206, 
0.244721, 0.610206, 
0.131303, 0.498815, 
0.017885, 0.498815, 
0.131303, 0.610206, 
0.017885, 0.498815, 
0.017885, 0.610206, 
0.131303, 0.610206, 
0.13229, 0.610206, 
0.246716, 0.497797, 
0.246716, 0.610206, 
0.13229, 0.610206, 
0.13229, 0.497797, 
0.246716, 0.497797, 
0.13229, 0.497797, 
0.246716, 0.385387, 
0.246716, 0.497797, 
0.132301, 0.610206, 
0.017885, 0.497797, 
0.017885, 0.610206, 
0.132301, 0.610206, 
0.132301, 0.497797, 
0.017885, 0.497797, 
0.132301, 0.497797, 
0.017885, 0.385387, 
0.017885, 0.497797, 
0.132301, 0.385387, 
0.017885, 0.497786, 
0.017885, 0.385387, 
0.132301, 0.385387, 
0.132301, 0.497786, 
0.017885, 0.497786, 
0.131303, 0.610206, 
0.244721, 0.497797, 
0.244721, 0.610206, 
0.131303, 0.610206, 
0.131303, 0.497797, 
0.244721, 0.497797, 
0.131303, 0.497797, 
0.244721, 0.385387, 
0.244721, 0.497797, 
0.132301, 0.498815, 
0.017885, 0.610206, 
0.017885, 0.498815, 
0.13229, 0.387424, 
0.246716, 0.498815, 
0.246716, 0.387424, 
0.13229, 0.387424, 
0.13229, 0.498815, 
0.246716, 0.498815, 
0.13229, 0.498815, 
0.246716, 0.610206, 
0.246716, 0.498815, 
0.131303, 0.498815, 
0.244721, 0.610206, 
0.244721, 0.498815, 
0.131303, 0.385387, 
0.244721, 0.497786, 
0.244721, 0.385387, 
0.131303, 0.385387, 
0.131303, 0.497786, 
0.244721, 0.497786, 
0.13229, 0.385387, 
0.246716, 0.497786, 
0.246716, 0.385387, 
0.13229, 0.385387, 
0.13229, 0.497786, 
0.246716, 0.497786, 
0.187634, 0.818091, 
0.187634, 0.818091, 
0.187634, 0.998039, 
0.187634, 0.998039, 
0.187634, 0.998039, 
0.187634, 0.816445, 
0.187584, 0.638142, 
0.187584, 0.638142, 
0.372435, 0.638142, 
0.187601, 0.818091, 
0.187601, 0.818091, 
0.002766, 0.818091, 
0.187634, 0.816429, 
0.187634, 0.816429, 
0.369212, 0.816429, 
0.185989, 0.818091, 
0.185989, 0.818091, 
0.369212, 0.818091, 
0.187584, 0.634852, 
0.187584, 0.634852, 
0.187584, 0.816445, 
0.187601, 0.816429, 
0.187601, 0.816429, 
0.372435, 0.816429, 
0.369212, 0.818091, 
0.369212, 0.818091, 
0.369212, 0.638142, 
0.372435, 0.638142, 
0.372435, 0.638142, 
0.372435, 0.818091, 
0.187584, 0.998039, 
0.187584, 0.998039, 
0.187584, 0.818091, 
0.187634, 0.638142, 
0.187634, 0.638142, 
0.187634, 0.818091, 
0.372435, 0.816429, 
0.372435, 0.816429, 
0.187584, 0.816429, 
0.185989, 0.816429, 
0.185989, 0.816429, 
0.002766, 0.816429, 
0.187584, 0.816429, 
0.187584, 0.816429, 
0.187584, 0.634852, 
0.187634, 0.634852, 
0.187634, 0.634852, 
0.187634, 0.816429, 
0.187634, 0.816445, 
0.187634, 0.816445, 
0.187634, 0.634852, 
0.187584, 0.816445, 
0.187584, 0.816445, 
0.187584, 0.998039, 
0.372435, 0.818091, 
0.372435, 0.818091, 
0.187601, 0.818091, 
0.369212, 0.638142, 
0.369212, 0.638142, 
0.187634, 0.638142, 
0.002766, 0.816429, 
0.002766, 0.816429, 
0.187601, 0.816429, 
0.187584, 0.818091, 
0.187584, 0.818091, 
0.187584, 0.638142, 
0.369212, 0.816429, 
0.369212, 0.816429, 
0.185989, 0.816429, 
0.002766, 0.818091, 
0.002766, 0.818091, 
0.185989, 0.818091, 
]);
