var pv = new Float32Array([
5, -0, -2.5, 
3.75, -0, -3.75, 
3.75, -0, -2.5, 
5, 0, 2.5, 
3.75, 0, 1.25, 
3.75, 0, 2.5, 
2.5, 0, 5, 
1.25, 0, 3.75, 
1.25, 0, 5, 
5, 0, 5, 
3.75, 0, 3.75, 
3.75, 0, 5, 
-2.5, 0, 5, 
-3.75, 0, 3.75, 
-3.75, 0, 5, 
0, 0, 5, 
-1.25, 0, 3.75, 
-1.25, 0, 5, 
5, 0, 0, 
3.75, -0, -1.25, 
3.75, 0, 0, 
5, -0, -2.5, 
5, -0, -3.75, 
3.75, -0, -3.75, 
5, 0, 2.5, 
5, 0, 1.25, 
3.75, 0, 1.25, 
2.5, 0, 5, 
2.5, 0, 3.75, 
1.25, 0, 3.75, 
5, 0, 5, 
5, 0, 3.75, 
3.75, 0, 3.75, 
-2.5, 0, 5, 
-2.5, 0, 3.75, 
-3.75, 0, 3.75, 
0, 0, 5, 
0, 0, 3.75, 
-1.25, 0, 3.75, 
5, 0, 0, 
5, -0, -1.25, 
3.75, -0, -1.25, 
3.75, -0, -1.25, 
5, -0, -1.25, 
3.75, -0, -2.5, 
5, -0, -1.25, 
5, -0, -2.5, 
3.75, -0, -2.5, 
1.25, -0, -3.75, 
1.25, -0, -5, 
0, -0, -5, 
1.25, -0, -3.75, 
2.5, -0, -3.75, 
1.25, -0, -5, 
2.5, -0, -3.75, 
2.5, -0, -5, 
1.25, -0, -5, 
-3.75, -0, -1.25, 
-3.75, -0, -2.5, 
-5, -0, -2.5, 
-3.75, -0, -3.75, 
-3.75, -0, -5, 
-5, -0, -5, 
-3.75, -0, -3.75, 
-2.5, -0, -3.75, 
-3.75, -0, -5, 
-2.5, -0, -3.75, 
-2.5, -0, -5, 
-3.75, -0, -5, 
-3.75, 0, 3.75, 
-3.75, 0, 2.5, 
-5, 0, 2.5, 
-3.75, 0, 3.75, 
-2.5, 0, 3.75, 
-3.75, 0, 2.5, 
-3.75, 0, 1.25, 
-3.75, 0, 0, 
-5, 0, 0, 
3.75, 0, 3.75, 
5, 0, 3.75, 
3.75, 0, 2.5, 
5, 0, 3.75, 
5, 0, 2.5, 
3.75, 0, 2.5, 
3.75, 0, 1.25, 
5, 0, 1.25, 
3.75, 0, 0, 
5, 0, 1.25, 
5, 0, 0, 
3.75, 0, 0, 
-1.25, -0, -3.75, 
-1.25, -0, -5, 
-2.5, -0, -5, 
-1.25, -0, -3.75, 
0, -0, -3.75, 
-1.25, -0, -5, 
0, -0, -3.75, 
0, -0, -5, 
-1.25, -0, -5, 
3.75, -0, -3.75, 
3.75, -0, -5, 
2.5, -0, -5, 
3.75, -0, -3.75, 
5, -0, -3.75, 
3.75, -0, -5, 
5, -0, -3.75, 
5, -0, -5, 
3.75, -0, -5, 
-3.75, 0, 0, 
-3.75, 4.16604, 1.25, 
-3.75, 4.66389, -0, 
-3.75, -0, -1.25, 
-3.75, 4.66389, -0, 
-3.75, 5.30296, -1.25, 
2.5, 0, 3.75, 
1.25, 5.30296, 3.75, 
1.25, 0, 3.75, 
-1.25, 0, 3.75, 
-2.5, 3.71895, 3.75, 
-2.5, 0, 3.75, 
1.25, -0, -3.75, 
0, -0, -5, 
0, -0, -3.75, 
-3.75, -0, -3.75, 
-2.5, 5.96561, -3.75, 
-2.5, -0, -3.75, 
-2.5, 0, 3.75, 
-3.75, 3.71895, 2.5, 
-3.75, 0, 2.5, 
3.75, -0, -1.25, 
3.75, 3.71895, -2.5, 
3.75, 4.16604, -1.25, 
-3.75, 0, 0, 
-5, -0, -1.25, 
-5, 0, 0, 
-3.75, 0, 0, 
-3.75, -0, -1.25, 
-5, -0, -1.25, 
-3.75, -0, -1.25, 
-5, -0, -2.5, 
-5, -0, -1.25, 
-3.75, -0, -2.5, 
-5, -0, -3.75, 
-5, -0, -2.5, 
-3.75, -0, -2.5, 
-3.75, -0, -3.75, 
-5, -0, -3.75, 
-3.75, -0, -3.75, 
-5, -0, -5, 
-5, -0, -3.75, 
-1.25, 0, 5, 
-2.5, 0, 3.75, 
-2.5, 0, 5, 
-1.25, 0, 5, 
-1.25, 0, 3.75, 
-2.5, 0, 3.75, 
1.25, -0, -3.75, 
2.5, 3.71895, -3.75, 
2.5, -0, -3.75, 
-3.75, 0, 5, 
-5, 0, 3.75, 
-5, 0, 5, 
-3.75, 0, 5, 
-3.75, 0, 3.75, 
-5, 0, 3.75, 
-3.75, 0, 3.75, 
-5, 0, 2.5, 
-5, 0, 3.75, 
-3.75, 0, 2.5, 
-5, 0, 1.25, 
-5, 0, 2.5, 
-3.75, 0, 2.5, 
-3.75, 0, 1.25, 
-5, 0, 1.25, 
-3.75, 0, 1.25, 
-5, 0, 0, 
-5, 0, 1.25, 
3.75, 0, 5, 
2.5, 0, 3.75, 
2.5, 0, 5, 
3.75, 0, 5, 
3.75, 0, 3.75, 
2.5, 0, 3.75, 
3.75, 0, 1.25, 
3.75, 4.66389, -0, 
3.75, 5.30296, 1.25, 
1.25, 0, 5, 
0, 0, 3.75, 
0, 0, 5, 
1.25, 0, 5, 
1.25, 0, 3.75, 
0, 0, 3.75, 
-3.75, 0, 1.25, 
-3.75, 3.71895, 2.5, 
-3.75, 4.16604, 1.25, 
-1.25, -0, -3.75, 
0, 4.66389, -3.75, 
0, -0, -3.75, 
1.25, 0, 3.75, 
0, 4.66389, 3.75, 
0, 0, 3.75, 
3.75, 0, 3.75, 
3.75, 5.96561, 2.5, 
3.75, 6.5937, 3.75, 
-3.75, -0, -3.75, 
-3.75, 5.96561, -2.5, 
-3.75, 6.5937, -3.75, 
3.75, 0, 0, 
3.75, 4.16604, -1.25, 
3.75, 4.66389, -0, 
-3.75, -0, -2.5, 
-3.75, 5.30296, -1.25, 
-3.75, 5.96561, -2.5, 
0, -0, -3.75, 
1.25, 4.16604, -3.75, 
1.25, -0, -3.75, 
0, 0, 3.75, 
-1.25, 4.16604, 3.75, 
-1.25, 0, 3.75, 
2.5, -0, -3.75, 
3.75, 3.71895, -2.5, 
3.75, -0, -2.5, 
3.75, 0, 2.5, 
3.75, 5.30296, 1.25, 
3.75, 5.96561, 2.5, 
-2.5, -0, -3.75, 
-1.25, 5.30295, -3.75, 
-1.25, -0, -3.75, 
-1.25, -0, -3.75, 
-2.5, -0, -5, 
-2.5, -0, -3.75, 
3.75, 0, 3.75, 
2.5, 5.96561, 3.75, 
2.5, 0, 3.75, 
3.75, -0, -2.5, 
3.75, -0, -3.75, 
2.5, -0, -3.75, 
3.75, -0, -3.75, 
2.5, -0, -5, 
2.5, -0, -3.75, 
0, 5.30296, -2.5, 
-1.25, 5.30295, -3.75, 
-1.25, 5.96561, -2.5, 
0, 5.30296, 2.5, 
-1.25, 5.30296, 1.25, 
-1.25, 4.66389, 2.5, 
2.5, 6.5937, 2.5, 
1.25, 6.5937, 1.25, 
1.25, 5.96561, 2.5, 
-2.5, 4.16604, 2.5, 
-3.75, 4.16604, 1.25, 
-3.75, 3.71895, 2.5, 
-2.5, 6.5937, -2.5, 
-3.75, 6.5937, -3.75, 
-3.75, 5.96561, -2.5, 
-2.5, 5.30296, -0, 
-3.75, 5.30296, -1.25, 
-3.75, 4.66389, -0, 
0, 6.5937, -0, 
-1.25, 6.5937, -1.25, 
-1.25, 5.96561, -0, 
2.5, 4.16604, -2.5, 
1.25, 4.16604, -3.75, 
1.25, 4.66389, -2.5, 
2.5, 5.30296, -0, 
1.25, 5.30296, -1.25, 
1.25, 5.96561, -0, 
0, 5.30296, -2.5, 
0, 4.66389, -3.75, 
-1.25, 5.30295, -3.75, 
0, 5.30296, 2.5, 
0, 5.96561, 1.25, 
-1.25, 5.30296, 1.25, 
2.5, 6.5937, 2.5, 
2.5, 5.96561, 1.25, 
1.25, 6.5937, 1.25, 
-2.5, 4.16604, 2.5, 
-2.5, 4.66389, 1.25, 
-3.75, 4.16604, 1.25, 
-2.5, 6.5937, -2.5, 
-2.5, 5.96561, -3.75, 
-3.75, 6.5937, -3.75, 
-2.5, 5.30296, -0, 
-2.5, 5.96561, -1.25, 
-3.75, 5.30296, -1.25, 
0, 6.5937, -0, 
0, 5.96561, -1.25, 
-1.25, 6.5937, -1.25, 
2.5, 4.16604, -2.5, 
2.5, 3.71895, -3.75, 
1.25, 4.16604, -3.75, 
2.5, 5.30296, -0, 
2.5, 4.66389, -1.25, 
1.25, 5.30296, -1.25, 
3.75, 4.16604, -1.25, 
3.75, 3.71895, -2.5, 
2.5, 4.16604, -2.5, 
1.25, 5.30296, -1.25, 
1.25, 4.66389, -2.5, 
0, 5.30296, -2.5, 
1.25, 5.30296, -1.25, 
2.5, 4.66389, -1.25, 
1.25, 4.66389, -2.5, 
2.5, 4.66389, -1.25, 
2.5, 4.16604, -2.5, 
1.25, 4.66389, -2.5, 
-1.25, 6.5937, -1.25, 
-1.25, 5.96561, -2.5, 
-2.5, 6.5937, -2.5, 
-1.25, 6.5937, -1.25, 
0, 5.96561, -1.25, 
-1.25, 5.96561, -2.5, 
0, 5.96561, -1.25, 
0, 5.30296, -2.5, 
-1.25, 5.96561, -2.5, 
-3.75, 5.30296, -1.25, 
-2.5, 5.96561, -1.25, 
-3.75, 5.96561, -2.5, 
-2.5, 5.96561, -1.25, 
-2.5, 6.5937, -2.5, 
-3.75, 5.96561, -2.5, 
-1.25, 4.16604, 3.75, 
-1.25, 4.66389, 2.5, 
-2.5, 4.16604, 2.5, 
-1.25, 4.16604, 3.75, 
0, 4.66389, 3.75, 
-1.25, 4.66389, 2.5, 
0, 4.66389, 3.75, 
0, 5.30296, 2.5, 
-1.25, 4.66389, 2.5, 
-2.5, 3.71895, 3.75, 
-2.5, 4.16604, 2.5, 
-3.75, 3.71895, 2.5, 
-3.75, 4.16604, 1.25, 
-2.5, 4.66389, 1.25, 
-3.75, 4.66389, -0, 
-2.5, 4.66389, 1.25, 
-2.5, 5.30296, -0, 
-3.75, 4.66389, -0, 
3.75, 6.5937, 3.75, 
3.75, 5.96561, 2.5, 
2.5, 6.5937, 2.5, 
1.25, 5.30296, 3.75, 
1.25, 5.96561, 2.5, 
0, 5.30296, 2.5, 
1.25, 5.30296, 3.75, 
2.5, 5.96561, 3.75, 
1.25, 5.96561, 2.5, 
2.5, 5.96561, 3.75, 
2.5, 6.5937, 2.5, 
1.25, 5.96561, 2.5, 
1.25, 6.5937, 1.25, 
1.25, 5.96561, -0, 
0, 6.5937, -0, 
1.25, 6.5937, 1.25, 
2.5, 5.96561, 1.25, 
1.25, 5.96561, -0, 
2.5, 5.96561, 1.25, 
2.5, 5.30296, -0, 
1.25, 5.96561, -0, 
3.75, 5.30296, 1.25, 
3.75, 4.66389, -0, 
2.5, 5.30296, -0, 
-1.25, 5.30296, 1.25, 
-1.25, 5.96561, -0, 
-2.5, 5.30296, -0, 
-1.25, 5.30296, 1.25, 
0, 5.96561, 1.25, 
-1.25, 5.96561, -0, 
0, 5.96561, 1.25, 
0, 6.5937, -0, 
-1.25, 5.96561, -0, 
3.75, 4.66389, -0, 
2.5, 4.66389, -1.25, 
2.5, 5.30296, -0, 
3.75, 4.66389, -0, 
3.75, 4.16604, -1.25, 
2.5, 4.66389, -1.25, 
3.75, 4.16604, -1.25, 
2.5, 4.16604, -2.5, 
2.5, 4.66389, -1.25, 
1.25, 5.96561, -0, 
0, 5.96561, -1.25, 
0, 6.5937, -0, 
1.25, 5.96561, -0, 
1.25, 5.30296, -1.25, 
0, 5.96561, -1.25, 
1.25, 5.30296, -1.25, 
0, 5.30296, -2.5, 
0, 5.96561, -1.25, 
1.25, 4.66389, -2.5, 
0, 4.66389, -3.75, 
0, 5.30296, -2.5, 
1.25, 4.66389, -2.5, 
1.25, 4.16604, -3.75, 
0, 4.66389, -3.75, 
-1.25, 5.96561, -0, 
-2.5, 5.96561, -1.25, 
-2.5, 5.30296, -0, 
-1.25, 5.96561, -0, 
-1.25, 6.5937, -1.25, 
-2.5, 5.96561, -1.25, 
-1.25, 6.5937, -1.25, 
-2.5, 6.5937, -2.5, 
-2.5, 5.96561, -1.25, 
-1.25, 4.16604, 3.75, 
-2.5, 4.16604, 2.5, 
-2.5, 3.71895, 3.75, 
3.75, 6.5937, 3.75, 
2.5, 6.5937, 2.5, 
2.5, 5.96561, 3.75, 
1.25, 5.30296, 3.75, 
0, 5.30296, 2.5, 
0, 4.66389, 3.75, 
1.25, 5.96561, 2.5, 
0, 5.96561, 1.25, 
0, 5.30296, 2.5, 
1.25, 5.96561, 2.5, 
1.25, 6.5937, 1.25, 
0, 5.96561, 1.25, 
1.25, 6.5937, 1.25, 
0, 6.5937, -0, 
0, 5.96561, 1.25, 
3.75, 5.96561, 2.5, 
2.5, 5.96561, 1.25, 
2.5, 6.5937, 2.5, 
3.75, 5.96561, 2.5, 
3.75, 5.30296, 1.25, 
2.5, 5.96561, 1.25, 
3.75, 5.30296, 1.25, 
2.5, 5.30296, -0, 
2.5, 5.96561, 1.25, 
-1.25, 4.66389, 2.5, 
-2.5, 4.66389, 1.25, 
-2.5, 4.16604, 2.5, 
-1.25, 4.66389, 2.5, 
-1.25, 5.30296, 1.25, 
-2.5, 4.66389, 1.25, 
-1.25, 5.30296, 1.25, 
-2.5, 5.30296, -0, 
-2.5, 4.66389, 1.25, 
-1.25, 5.96561, -2.5, 
-2.5, 5.96561, -3.75, 
-2.5, 6.5937, -2.5, 
-1.25, 5.96561, -2.5, 
-1.25, 5.30295, -3.75, 
-2.5, 5.96561, -3.75, 
3.75, 3.71895, -2.5, 
2.5, 3.71895, -3.75, 
2.5, 4.16604, -2.5, 
-3.75, 0, 0, 
-3.75, 0, 1.25, 
-3.75, 4.16604, 1.25, 
-3.75, -0, -1.25, 
-3.75, 0, 0, 
-3.75, 4.66389, -0, 
2.5, 0, 3.75, 
2.5, 5.96561, 3.75, 
1.25, 5.30296, 3.75, 
-1.25, 0, 3.75, 
-1.25, 4.16604, 3.75, 
-2.5, 3.71895, 3.75, 
-3.75, -0, -3.75, 
-3.75, 6.5937, -3.75, 
-2.5, 5.96561, -3.75, 
-2.5, 0, 3.75, 
-2.5, 3.71895, 3.75, 
-3.75, 3.71895, 2.5, 
3.75, -0, -1.25, 
3.75, -0, -2.5, 
3.75, 3.71895, -2.5, 
1.25, -0, -3.75, 
1.25, 4.16604, -3.75, 
2.5, 3.71895, -3.75, 
3.75, 0, 1.25, 
3.75, 0, 0, 
3.75, 4.66389, -0, 
-3.75, 0, 1.25, 
-3.75, 0, 2.5, 
-3.75, 3.71895, 2.5, 
-1.25, -0, -3.75, 
-1.25, 5.30295, -3.75, 
0, 4.66389, -3.75, 
1.25, 0, 3.75, 
1.25, 5.30296, 3.75, 
0, 4.66389, 3.75, 
3.75, 0, 3.75, 
3.75, 0, 2.5, 
3.75, 5.96561, 2.5, 
-3.75, -0, -3.75, 
-3.75, -0, -2.5, 
-3.75, 5.96561, -2.5, 
3.75, 0, 0, 
3.75, -0, -1.25, 
3.75, 4.16604, -1.25, 
-3.75, -0, -2.5, 
-3.75, -0, -1.25, 
-3.75, 5.30296, -1.25, 
0, -0, -3.75, 
0, 4.66389, -3.75, 
1.25, 4.16604, -3.75, 
0, 0, 3.75, 
0, 4.66389, 3.75, 
-1.25, 4.16604, 3.75, 
2.5, -0, -3.75, 
2.5, 3.71895, -3.75, 
3.75, 3.71895, -2.5, 
3.75, 0, 2.5, 
3.75, 0, 1.25, 
3.75, 5.30296, 1.25, 
-2.5, -0, -3.75, 
-2.5, 5.96561, -3.75, 
-1.25, 5.30295, -3.75, 
3.75, 0, 3.75, 
3.75, 6.5937, 3.75, 
2.5, 5.96561, 3.75, 
]);
var pn = new Float32Array([
0, 1, -0, 
0, 1, -0, 
0, 1, -0, 
0, 1, -0, 
0, 1, -0, 
0, 1, -0, 
0, 1, -0, 
0, 1, -0, 
0, 1, -0, 
0, 1, -0, 
0, 1, -0, 
0, 1, -0, 
0, 1, -0, 
0, 1, -0, 
0, 1, -0, 
0, 1, -0, 
0, 1, -0, 
0, 1, -0, 
0, 1, -0, 
0, 1, -0, 
0, 1, -0, 
0, 1, -0, 
0, 1, -0, 
0, 1, -0, 
0, 1, -0, 
0, 1, -0, 
0, 1, -0, 
0, 1, -0, 
0, 1, -0, 
0, 1, -0, 
0, 1, -0, 
0, 1, -0, 
0, 1, -0, 
0, 1, -0, 
0, 1, -0, 
0, 1, -0, 
0, 1, -0, 
0, 1, -0, 
0, 1, -0, 
0, 1, -0, 
0, 1, -0, 
0, 1, -0, 
0, 1, -0, 
0, 1, -0, 
0, 1, -0, 
0, 1, -0, 
0, 1, -0, 
0, 1, -0, 
0, 1, -0, 
0, 1, -0, 
0, 1, -0, 
0, 1, -0, 
0, 1, -0, 
0, 1, -0, 
0, 1, -0, 
0, 1, -0, 
0, 1, -0, 
0, 1, -0, 
0, 1, -0, 
0, 1, -0, 
0, 1, -0, 
0, 1, -0, 
0, 1, -0, 
0, 1, -0, 
0, 1, -0, 
0, 1, -0, 
0, 1, -0, 
0, 1, -0, 
0, 1, -0, 
0, 1, -0, 
0, 1, -0, 
0, 1, -0, 
0, 1, -0, 
0, 1, -0, 
0, 1, -0, 
0, 1, -0, 
0, 1, -0, 
0, 1, -0, 
0, 1, -0, 
0, 1, -0, 
0, 1, -0, 
0, 1, -0, 
0, 1, -0, 
0, 1, -0, 
0, 1, -0, 
0, 1, -0, 
0, 1, -0, 
0, 1, -0, 
0, 1, -0, 
0, 1, -0, 
0, 1, -0, 
0, 1, -0, 
0, 1, -0, 
0, 1, -0, 
0, 1, -0, 
0, 1, -0, 
0, 1, -0, 
0, 1, -0, 
0, 1, -0, 
0, 1, -0, 
0, 1, -0, 
0, 1, -0, 
0, 1, -0, 
0, 1, -0, 
0, 1, -0, 
0, 1, -0, 
0, 1, -0, 
0, 1, -0, 
-1, 0, 0, 
-1, 0, 0, 
-1, 0, 0, 
-1, 0, 0, 
-1, 0, 0, 
-1, 0, 0, 
0, 0, 1, 
0, 0, 1, 
0, 0, 1, 
0, 0, 1, 
0, 0, 1, 
0, 0, 1, 
0, 1, -0, 
0, 1, -0, 
0, 1, -0, 
0, -0, -1, 
0, -0, -1, 
0, -0, -1, 
-0.7071, 0, 0.7071, 
-0.7071, 0, 0.7071, 
-0.7071, 0, 0.7071, 
1, 0, 0, 
1, 0, 0, 
1, 0, 0, 
0, 1, -0, 
0, 1, -0, 
0, 1, -0, 
0, 1, -0, 
0, 1, -0, 
0, 1, -0, 
0, 1, -0, 
0, 1, -0, 
0, 1, -0, 
0, 1, -0, 
0, 1, -0, 
0, 1, -0, 
0, 1, -0, 
0, 1, -0, 
0, 1, -0, 
0, 1, -0, 
0, 1, -0, 
0, 1, -0, 
0, 1, -0, 
0, 1, -0, 
0, 1, -0, 
0, 1, -0, 
0, 1, -0, 
0, 1, -0, 
0, -0, -1, 
0, -0, -1, 
0, -0, -1, 
0, 1, -0, 
0, 1, -0, 
0, 1, -0, 
0, 1, -0, 
0, 1, -0, 
0, 1, -0, 
0, 1, -0, 
0, 1, -0, 
0, 1, -0, 
0, 1, -0, 
0, 1, -0, 
0, 1, -0, 
0, 1, -0, 
0, 1, -0, 
0, 1, -0, 
0, 1, -0, 
0, 1, -0, 
0, 1, -0, 
0, 1, -0, 
0, 1, -0, 
0, 1, -0, 
0, 1, -0, 
0, 1, -0, 
0, 1, -0, 
1, 0, 0, 
1, 0, 0, 
1, 0, 0, 
0, 1, -0, 
0, 1, -0, 
0, 1, -0, 
0, 1, -0, 
0, 1, -0, 
0, 1, -0, 
-1, 0, 0, 
-1, 0, 0, 
-1, 0, 0, 
0, -0, -1, 
0, -0, -1, 
0, -0, -1, 
0, 0, 1, 
0, 0, 1, 
0, 0, 1, 
1, 0, 0, 
1, 0, 0, 
1, 0, 0, 
-1, 0, 0, 
-1, 0, 0, 
-1, 0, 0, 
1, 0, 0, 
1, 0, 0, 
1, 0, 0, 
-1, 0, 0, 
-1, 0, 0, 
-1, 0, 0, 
0, -0, -1, 
0, -0, -1, 
0, -0, -1, 
0, 0, 1, 
0, 0, 1, 
0, 0, 1, 
0.7071, -0, -0.7071, 
0.7071, -0, -0.7071, 
0.7071, -0, -0.7071, 
1, 0, 0, 
1, 0, 0, 
1, 0, 0, 
0, -0, -1, 
0, -0, -1, 
0, -0, -1, 
0, 1, -0, 
0, 1, -0, 
0, 1, -0, 
0, 0, 1, 
0, 0, 1, 
0, 0, 1, 
0, 1, -0, 
0, 1, -0, 
0, 1, -0, 
0, 1, -0, 
0, 1, -0, 
0, 1, -0, 
0.4242, 0.8001, -0.4242, 
0.4242, 0.8001, -0.4242, 
0.4242, 0.8001, -0.4242, 
-0.4143, 0.8104, 0.4143, 
-0.4143, 0.8104, 0.4143, 
-0.4143, 0.8104, 0.4143, 
-0.4096, 0.8152, 0.4096, 
-0.4096, 0.8152, 0.4096, 
-0.4096, 0.8152, 0.4096, 
-0.3192, 0.8923, 0.3192, 
-0.3192, 0.8923, 0.3192, 
-0.3192, 0.8923, 0.3192, 
-0.4096, 0.8152, 0.4096, 
-0.4096, 0.8152, 0.4096, 
-0.4096, 0.8152, 0.4096, 
-0.4143, 0.8104, 0.4143, 
-0.4143, 0.8104, 0.4143, 
-0.4143, 0.8104, 0.4143, 
-0.4096, 0.8152, 0.4096, 
-0.4096, 0.8152, 0.4096, 
-0.4096, 0.8152, 0.4096, 
0.347, 0.8713, -0.347, 
0.347, 0.8713, -0.347, 
0.347, 0.8713, -0.347, 
0.4242, 0.8001, -0.4242, 
0.4242, 0.8001, -0.4242, 
0.4242, 0.8001, -0.4242, 
0.4143, 0.8104, -0.4143, 
0.4143, 0.8104, -0.4143, 
0.4143, 0.8104, -0.4143, 
-0.4242, 0.8001, 0.4242, 
-0.4242, 0.8001, 0.4242, 
-0.4242, 0.8001, 0.4242, 
0.4096, 0.8152, -0.4096, 
0.4096, 0.8152, -0.4096, 
0.4096, 0.8152, -0.4096, 
-0.347, 0.8713, 0.347, 
-0.347, 0.8713, 0.347, 
-0.347, 0.8713, 0.347, 
0.4096, 0.8152, -0.4096, 
0.4096, 0.8152, -0.4096, 
0.4096, 0.8152, -0.4096, 
-0.4242, 0.8001, 0.4242, 
-0.4242, 0.8001, 0.4242, 
-0.4242, 0.8001, 0.4242, 
0.4096, 0.8152, -0.4096, 
0.4096, 0.8152, -0.4096, 
0.4096, 0.8152, -0.4096, 
0.3192, 0.8923, -0.3192, 
0.3192, 0.8923, -0.3192, 
0.3192, 0.8923, -0.3192, 
0.4143, 0.8104, -0.4143, 
0.4143, 0.8104, -0.4143, 
0.4143, 0.8104, -0.4143, 
0.3192, 0.8923, -0.3192, 
0.3192, 0.8923, -0.3192, 
0.3192, 0.8923, -0.3192, 
0.4143, 0.8104, -0.4143, 
0.4143, 0.8104, -0.4143, 
0.4143, 0.8104, -0.4143, 
0.4143, 0.8104, -0.4143, 
0.4143, 0.8104, -0.4143, 
0.4143, 0.8104, -0.4143, 
0.347, 0.8713, -0.347, 
0.347, 0.8713, -0.347, 
0.347, 0.8713, -0.347, 
0.4096, 0.8152, -0.4096, 
0.4096, 0.8152, -0.4096, 
0.4096, 0.8152, -0.4096, 
0.4096, 0.8152, -0.4096, 
0.4096, 0.8152, -0.4096, 
0.4096, 0.8152, -0.4096, 
0.4242, 0.8001, -0.4242, 
0.4242, 0.8001, -0.4242, 
0.4242, 0.8001, -0.4242, 
-0.4242, 0.8001, 0.4242, 
-0.4242, 0.8001, 0.4242, 
-0.4242, 0.8001, 0.4242, 
-0.4096, 0.8152, 0.4096, 
-0.4096, 0.8152, 0.4096, 
-0.4096, 0.8152, 0.4096, 
-0.347, 0.8713, 0.347, 
-0.347, 0.8713, 0.347, 
-0.347, 0.8713, 0.347, 
-0.347, 0.8713, 0.347, 
-0.347, 0.8713, 0.347, 
-0.347, 0.8713, 0.347, 
-0.4143, 0.8104, 0.4143, 
-0.4143, 0.8104, 0.4143, 
-0.4143, 0.8104, 0.4143, 
-0.3192, 0.8923, 0.3192, 
-0.3192, 0.8923, 0.3192, 
-0.3192, 0.8923, 0.3192, 
-0.347, 0.8713, 0.347, 
-0.347, 0.8713, 0.347, 
-0.347, 0.8713, 0.347, 
-0.4143, 0.8104, 0.4143, 
-0.4143, 0.8104, 0.4143, 
-0.4143, 0.8104, 0.4143, 
0.4096, 0.8152, -0.4096, 
0.4096, 0.8152, -0.4096, 
0.4096, 0.8152, -0.4096, 
-0.4242, 0.8001, 0.4242, 
-0.4242, 0.8001, 0.4242, 
-0.4242, 0.8001, 0.4242, 
-0.4242, 0.8001, 0.4242, 
-0.4242, 0.8001, 0.4242, 
-0.4242, 0.8001, 0.4242, 
-0.4096, 0.8152, 0.4096, 
-0.4096, 0.8152, 0.4096, 
-0.4096, 0.8152, 0.4096, 
0.4096, 0.8152, -0.4096, 
0.4096, 0.8152, -0.4096, 
0.4096, 0.8152, -0.4096, 
0.4096, 0.8152, -0.4096, 
0.4096, 0.8152, -0.4096, 
0.4096, 0.8152, -0.4096, 
0.4242, 0.8001, -0.4242, 
0.4242, 0.8001, -0.4242, 
0.4242, 0.8001, -0.4242, 
0.4143, 0.8104, -0.4143, 
0.4143, 0.8104, -0.4143, 
0.4143, 0.8104, -0.4143, 
-0.4242, 0.8001, 0.4242, 
-0.4242, 0.8001, 0.4242, 
-0.4242, 0.8001, 0.4242, 
-0.4242, 0.8001, 0.4242, 
-0.4242, 0.8001, 0.4242, 
-0.4242, 0.8001, 0.4242, 
-0.4096, 0.8152, 0.4096, 
-0.4096, 0.8152, 0.4096, 
-0.4096, 0.8152, 0.4096, 
0.4143, 0.8104, -0.4143, 
0.4143, 0.8104, -0.4143, 
0.4143, 0.8104, -0.4143, 
0.347, 0.8713, -0.347, 
0.347, 0.8713, -0.347, 
0.347, 0.8713, -0.347, 
0.347, 0.8713, -0.347, 
0.347, 0.8713, -0.347, 
0.347, 0.8713, -0.347, 
0.4096, 0.8152, -0.4096, 
0.4096, 0.8152, -0.4096, 
0.4096, 0.8152, -0.4096, 
0.4242, 0.8001, -0.4242, 
0.4242, 0.8001, -0.4242, 
0.4242, 0.8001, -0.4242, 
0.4242, 0.8001, -0.4242, 
0.4242, 0.8001, -0.4242, 
0.4242, 0.8001, -0.4242, 
0.4143, 0.8104, -0.4143, 
0.4143, 0.8104, -0.4143, 
0.4143, 0.8104, -0.4143, 
0.347, 0.8713, -0.347, 
0.347, 0.8713, -0.347, 
0.347, 0.8713, -0.347, 
-0.4242, 0.8001, 0.4242, 
-0.4242, 0.8001, 0.4242, 
-0.4242, 0.8001, 0.4242, 
-0.4096, 0.8152, 0.4096, 
-0.4096, 0.8152, 0.4096, 
-0.4096, 0.8152, 0.4096, 
-0.4096, 0.8152, 0.4096, 
-0.4096, 0.8152, 0.4096, 
-0.4096, 0.8152, 0.4096, 
-0.3192, 0.8923, 0.3192, 
-0.3192, 0.8923, 0.3192, 
-0.3192, 0.8923, 0.3192, 
-0.4096, 0.8152, 0.4096, 
-0.4096, 0.8152, 0.4096, 
-0.4096, 0.8152, 0.4096, 
-0.4143, 0.8104, 0.4143, 
-0.4143, 0.8104, 0.4143, 
-0.4143, 0.8104, 0.4143, 
-0.4242, 0.8001, 0.4242, 
-0.4242, 0.8001, 0.4242, 
-0.4242, 0.8001, 0.4242, 
-0.4096, 0.8152, 0.4096, 
-0.4096, 0.8152, 0.4096, 
-0.4096, 0.8152, 0.4096, 
-0.4096, 0.8152, 0.4096, 
-0.4096, 0.8152, 0.4096, 
-0.4096, 0.8152, 0.4096, 
0.4096, 0.8152, -0.4096, 
0.4096, 0.8152, -0.4096, 
0.4096, 0.8152, -0.4096, 
0.4242, 0.8001, -0.4242, 
0.4242, 0.8001, -0.4242, 
0.4242, 0.8001, -0.4242, 
0.4242, 0.8001, -0.4242, 
0.4242, 0.8001, -0.4242, 
0.4242, 0.8001, -0.4242, 
-0.347, 0.8713, 0.347, 
-0.347, 0.8713, 0.347, 
-0.347, 0.8713, 0.347, 
-0.4143, 0.8104, 0.4143, 
-0.4143, 0.8104, 0.4143, 
-0.4143, 0.8104, 0.4143, 
-0.4143, 0.8104, 0.4143, 
-0.4143, 0.8104, 0.4143, 
-0.4143, 0.8104, 0.4143, 
0.4096, 0.8152, -0.4096, 
0.4096, 0.8152, -0.4096, 
0.4096, 0.8152, -0.4096, 
0.4242, 0.8001, -0.4242, 
0.4242, 0.8001, -0.4242, 
0.4242, 0.8001, -0.4242, 
0.3192, 0.8923, -0.3192, 
0.3192, 0.8923, -0.3192, 
0.3192, 0.8923, -0.3192, 
-1, 0, 0, 
-1, 0, 0, 
-1, 0, 0, 
-1, 0, 0, 
-1, 0, 0, 
-1, 0, 0, 
0, 0, 1, 
0, 0, 1, 
0, 0, 1, 
0, 0, 1, 
0, 0, 1, 
0, 0, 1, 
0, -0, -1, 
0, -0, -1, 
0, -0, -1, 
-0.7071, 0, 0.7071, 
-0.7071, 0, 0.7071, 
-0.7071, 0, 0.7071, 
1, 0, 0, 
1, 0, 0, 
1, 0, 0, 
0, -0, -1, 
0, -0, -1, 
0, -0, -1, 
1, 0, 0, 
1, 0, 0, 
1, 0, 0, 
-1, 0, 0, 
-1, 0, 0, 
-1, 0, 0, 
0, -0, -1, 
0, -0, -1, 
0, -0, -1, 
0, 0, 1, 
0, 0, 1, 
0, 0, 1, 
1, 0, 0, 
1, 0, 0, 
1, 0, 0, 
-1, 0, 0, 
-1, 0, 0, 
-1, 0, 0, 
1, 0, 0, 
1, 0, 0, 
1, 0, 0, 
-1, 0, 0, 
-1, 0, 0, 
-1, 0, 0, 
0, -0, -1, 
0, -0, -1, 
0, -0, -1, 
0, 0, 1, 
0, 0, 1, 
0, 0, 1, 
0.7071, -0, -0.7071, 
0.7071, -0, -0.7071, 
0.7071, -0, -0.7071, 
1, 0, 0, 
1, 0, 0, 
1, 0, 0, 
0, -0, -1, 
0, -0, -1, 
0, -0, -1, 
0, 0, 1, 
0, 0, 1, 
0, 0, 1, 
]);
var pu = new Float32Array([
0.00216, 0.619135, 
0.189257, 0.809771, 
0.189257, 0.619135, 
0.00216, 0.622589, 
0.189257, 0.811515, 
0.189257, 0.622589, 
0.376353, 0.997057, 
0.189274, 0.809823, 
0.189274, 0.997057, 
0.00216, 0.997057, 
0.189257, 0.809823, 
0.189257, 0.997057, 
0.37309, 0.997057, 
0.189307, 0.809823, 
0.189307, 0.997057, 
0.002194, 0.997057, 
0.187642, 0.809823, 
0.187642, 0.997057, 
0.00216, 1.00044, 
0.189257, 0.809789, 
0.189257, 1.00044, 
0.00216, 0.619135, 
0.00216, 0.809771, 
0.189257, 0.809771, 
0.00216, 0.622589, 
0.00216, 0.811515, 
0.189257, 0.811515, 
0.376353, 0.997057, 
0.376353, 0.809823, 
0.189274, 0.809823, 
0.00216, 0.997057, 
0.00216, 0.809823, 
0.189257, 0.809823, 
0.37309, 0.997057, 
0.37309, 0.809823, 
0.189307, 0.809823, 
0.002194, 0.997057, 
0.002194, 0.809823, 
0.187642, 0.809823, 
0.00216, 1.00044, 
0.00216, 0.809789, 
0.189257, 0.809789, 
0.189257, 0.809789, 
0.00216, 0.809789, 
0.189257, 0.619135, 
0.00216, 0.809789, 
0.00216, 0.619135, 
0.189257, 0.619135, 
0.189274, 0.809771, 
0.189274, 1.00041, 
0.002194, 1.00041, 
0.189274, 0.809771, 
0.376353, 0.809771, 
0.189274, 1.00041, 
0.376353, 0.809771, 
0.376353, 1.00041, 
0.189274, 1.00041, 
0.189307, 0.809789, 
0.189307, 0.619135, 
0.005525, 0.619135, 
0.189307, 0.809771, 
0.189307, 1.00041, 
0.005525, 1.00041, 
0.189307, 0.809771, 
0.37309, 0.809771, 
0.189307, 1.00041, 
0.37309, 0.809771, 
0.37309, 1.00041, 
0.189307, 1.00041, 
0.189307, 0.809823, 
0.189307, 0.622589, 
0.005525, 0.622589, 
0.189307, 0.809823, 
0.37309, 0.809823, 
0.189307, 0.622589, 
0.189307, 0.811515, 
0.189307, 1.00044, 
0.005525, 1.00044, 
0.189257, 0.809823, 
0.00216, 0.809823, 
0.189257, 0.622589, 
0.00216, 0.809823, 
0.00216, 0.622589, 
0.189257, 0.622589, 
0.189257, 0.811515, 
0.00216, 0.811515, 
0.189257, 1.00044, 
0.00216, 0.811515, 
0.00216, 1.00044, 
0.189257, 1.00044, 
0.187642, 0.809771, 
0.187642, 1.00041, 
0.37309, 1.00041, 
0.187642, 0.809771, 
0.002194, 0.809771, 
0.187642, 1.00041, 
0.002194, 0.809771, 
0.002194, 1.00041, 
0.187642, 1.00041, 
0.189257, 0.809771, 
0.189257, 1.00041, 
0.376353, 1.00041, 
0.189257, 0.809771, 
0.00216, 0.809771, 
0.189257, 1.00041, 
0.00216, 0.809771, 
0.00216, 1.00041, 
0.189257, 1.00041, 
0.189307, 1.00044, 
0.189307, 0.811515, 
0.189307, 1.00044, 
0.189307, 0.809789, 
0.189307, 1.00044, 
0.189307, 0.809789, 
0.376353, 0.809823, 
0.189274, 0.809823, 
0.189274, 0.809823, 
0.187642, 0.809823, 
0.37309, 0.809823, 
0.37309, 0.809823, 
0.189274, 0.809771, 
0.002194, 1.00041, 
0.002194, 0.809771, 
0.189307, 0.809771, 
0.37309, 0.809771, 
0.37309, 0.809771, 
0.37309, 0.809823, 
0.189307, 0.622589, 
0.189307, 0.622589, 
0.189257, 0.809789, 
0.189257, 0.619135, 
0.189257, 0.809789, 
0.189307, 1.00044, 
0.005525, 0.809789, 
0.005525, 1.00044, 
0.189307, 1.00044, 
0.189307, 0.809789, 
0.005525, 0.809789, 
0.189307, 0.809789, 
0.005525, 0.619135, 
0.005525, 0.809789, 
0.189307, 0.619135, 
0.005525, 0.809771, 
0.005525, 0.619135, 
0.189307, 0.619135, 
0.189307, 0.809771, 
0.005525, 0.809771, 
0.189307, 0.809771, 
0.005525, 1.00041, 
0.005525, 0.809771, 
0.187642, 0.997057, 
0.37309, 0.809823, 
0.37309, 0.997057, 
0.187642, 0.997057, 
0.187642, 0.809823, 
0.37309, 0.809823, 
0.189274, 0.809771, 
0.376353, 0.809771, 
0.376353, 0.809771, 
0.189307, 0.997057, 
0.005525, 0.809823, 
0.005525, 0.997057, 
0.189307, 0.997057, 
0.189307, 0.809823, 
0.005525, 0.809823, 
0.189307, 0.809823, 
0.005525, 0.622589, 
0.005525, 0.809823, 
0.189307, 0.622589, 
0.005525, 0.811515, 
0.005525, 0.622589, 
0.189307, 0.622589, 
0.189307, 0.811515, 
0.005525, 0.811515, 
0.189307, 0.811515, 
0.005525, 1.00044, 
0.005525, 0.811515, 
0.189257, 0.997057, 
0.376353, 0.809823, 
0.376353, 0.997057, 
0.189257, 0.997057, 
0.189257, 0.809823, 
0.376353, 0.809823, 
0.189257, 0.811515, 
0.189257, 1.00044, 
0.189257, 0.811515, 
0.189274, 0.997057, 
0.002194, 0.809823, 
0.002194, 0.997057, 
0.189274, 0.997057, 
0.189274, 0.809823, 
0.002194, 0.809823, 
0.189307, 0.811515, 
0.189307, 0.622589, 
0.189307, 0.811515, 
0.187642, 0.809771, 
0.002194, 0.809771, 
0.002194, 0.809771, 
0.189274, 0.809823, 
0.002194, 0.809823, 
0.002194, 0.809823, 
0.189257, 0.809823, 
0.189257, 0.622589, 
0.189257, 0.809823, 
0.189307, 0.809771, 
0.189307, 0.619135, 
0.189307, 0.809771, 
0.189257, 1.00044, 
0.189257, 0.809789, 
0.189257, 1.00044, 
0.189307, 0.619135, 
0.189307, 0.809789, 
0.189307, 0.619135, 
0.002194, 0.809771, 
0.189274, 0.809771, 
0.189274, 0.809771, 
0.002194, 0.809823, 
0.187642, 0.809823, 
0.187642, 0.809823, 
0.376353, 0.809771, 
0.189257, 0.619135, 
0.189257, 0.619135, 
0.189257, 0.622589, 
0.189257, 0.811515, 
0.189257, 0.622589, 
0.37309, 0.809771, 
0.187642, 0.809771, 
0.187642, 0.809771, 
0.187642, 0.809771, 
0.37309, 1.00041, 
0.37309, 0.809771, 
0.189257, 0.809823, 
0.376353, 0.809823, 
0.376353, 0.809823, 
0.189257, 0.619135, 
0.189257, 0.809771, 
0.376353, 0.809771, 
0.189257, 0.809771, 
0.376353, 1.00041, 
0.376353, 0.809771, 
0.380194, 0.687156, 
0.530615, 0.841784, 
0.530615, 0.687156, 
0.384194, 0.691721, 
0.523044, 0.833176, 
0.523044, 0.691721, 
0.664338, 0.691721, 
0.524266, 0.833176, 
0.524266, 0.691721, 
0.661895, 0.691721, 
0.524291, 0.833176, 
0.524291, 0.691721, 
0.661895, 0.689135, 
0.524291, 0.83187, 
0.524291, 0.689135, 
0.661895, 0.974631, 
0.524291, 0.831883, 
0.524291, 0.974631, 
0.384194, 0.974631, 
0.523044, 0.831883, 
0.523044, 0.974631, 
0.683683, 0.687156, 
0.531938, 0.841784, 
0.531938, 0.687156, 
0.683683, 0.996442, 
0.531938, 0.841799, 
0.531938, 0.996442, 
0.380194, 0.687156, 
0.380194, 0.841784, 
0.530615, 0.841784, 
0.384194, 0.691721, 
0.384194, 0.833176, 
0.523044, 0.833176, 
0.683683, 0.689957, 
0.683683, 0.843199, 
0.531938, 0.843199, 
0.661895, 0.691721, 
0.661895, 0.833176, 
0.524291, 0.833176, 
0.681036, 0.687156, 
0.681036, 0.841784, 
0.531966, 0.841784, 
0.661895, 0.974631, 
0.661895, 0.831883, 
0.524291, 0.831883, 
0.380194, 0.996442, 
0.380194, 0.841799, 
0.530615, 0.841799, 
0.683683, 0.687156, 
0.683683, 0.841784, 
0.531938, 0.841784, 
0.683683, 0.996442, 
0.683683, 0.841799, 
0.531938, 0.841799, 
0.531925, 0.841799, 
0.531925, 0.687156, 
0.683683, 0.687156, 
0.531938, 0.841799, 
0.531938, 0.687156, 
0.380194, 0.687156, 
0.531938, 0.841799, 
0.683683, 0.841799, 
0.531938, 0.687156, 
0.683683, 0.841799, 
0.683683, 0.687156, 
0.531938, 0.687156, 
0.530615, 0.841799, 
0.530615, 0.687156, 
0.681036, 0.687156, 
0.530615, 0.841799, 
0.380194, 0.841799, 
0.530615, 0.687156, 
0.380194, 0.841799, 
0.380194, 0.687156, 
0.530615, 0.687156, 
0.524291, 0.831883, 
0.661895, 0.831883, 
0.524291, 0.689135, 
0.661895, 0.831883, 
0.661895, 0.689135, 
0.524291, 0.689135, 
0.523044, 0.831909, 
0.523044, 0.691721, 
0.661895, 0.691721, 
0.523044, 0.831909, 
0.384194, 0.831909, 
0.523044, 0.691721, 
0.384194, 0.831909, 
0.384194, 0.691721, 
0.523044, 0.691721, 
0.661895, 0.831909, 
0.661895, 0.691721, 
0.524291, 0.691721, 
0.524291, 0.833176, 
0.661895, 0.833176, 
0.524291, 0.974631, 
0.661895, 0.833176, 
0.661895, 0.974631, 
0.524291, 0.974631, 
0.531925, 0.841827, 
0.531925, 0.689957, 
0.683683, 0.689957, 
0.524266, 0.831909, 
0.524266, 0.691721, 
0.384194, 0.691721, 
0.524266, 0.831909, 
0.664338, 0.831909, 
0.524266, 0.691721, 
0.664338, 0.831909, 
0.664338, 0.691721, 
0.524266, 0.691721, 
0.531938, 0.843199, 
0.531938, 0.996442, 
0.380194, 0.996442, 
0.531938, 0.843199, 
0.683683, 0.843199, 
0.531938, 0.996442, 
0.683683, 0.843199, 
0.683683, 0.996442, 
0.531938, 0.996442, 
0.531925, 0.843199, 
0.531925, 0.996442, 
0.683683, 0.996442, 
0.523044, 0.833176, 
0.523044, 0.974631, 
0.661895, 0.974631, 
0.523044, 0.833176, 
0.384194, 0.833176, 
0.523044, 0.974631, 
0.384194, 0.833176, 
0.384194, 0.974631, 
0.523044, 0.974631, 
0.531925, 0.996442, 
0.683683, 0.841799, 
0.683683, 0.996442, 
0.531925, 0.996442, 
0.531925, 0.841799, 
0.683683, 0.841799, 
0.531925, 0.841799, 
0.683683, 0.687156, 
0.683683, 0.841799, 
0.531938, 0.996442, 
0.380194, 0.841799, 
0.380194, 0.996442, 
0.531938, 0.996442, 
0.531938, 0.841799, 
0.380194, 0.841799, 
0.531938, 0.841799, 
0.380194, 0.687156, 
0.380194, 0.841799, 
0.531938, 0.687156, 
0.380194, 0.841784, 
0.380194, 0.687156, 
0.531938, 0.687156, 
0.531938, 0.841784, 
0.380194, 0.841784, 
0.523044, 0.974631, 
0.661895, 0.831883, 
0.661895, 0.974631, 
0.523044, 0.974631, 
0.523044, 0.831883, 
0.661895, 0.831883, 
0.523044, 0.831883, 
0.661895, 0.689135, 
0.661895, 0.831883, 
0.523044, 0.831909, 
0.661895, 0.691721, 
0.661895, 0.831909, 
0.524253, 0.831909, 
0.664338, 0.691721, 
0.664338, 0.831909, 
0.524266, 0.831909, 
0.384194, 0.691721, 
0.384194, 0.831909, 
0.524266, 0.691721, 
0.384194, 0.833176, 
0.384194, 0.691721, 
0.524266, 0.691721, 
0.524266, 0.833176, 
0.384194, 0.833176, 
0.524266, 0.833176, 
0.384194, 0.974631, 
0.384194, 0.833176, 
0.531925, 0.689957, 
0.683683, 0.843199, 
0.683683, 0.689957, 
0.531925, 0.689957, 
0.531925, 0.843199, 
0.683683, 0.843199, 
0.531925, 0.843199, 
0.683683, 0.996442, 
0.683683, 0.843199, 
0.523044, 0.691721, 
0.661895, 0.833176, 
0.661895, 0.691721, 
0.523044, 0.691721, 
0.523044, 0.833176, 
0.661895, 0.833176, 
0.523044, 0.833176, 
0.661895, 0.974631, 
0.661895, 0.833176, 
0.530615, 0.687156, 
0.681036, 0.841784, 
0.681036, 0.687156, 
0.530615, 0.687156, 
0.530615, 0.841784, 
0.681036, 0.841784, 
0.531925, 0.687156, 
0.683683, 0.841784, 
0.683683, 0.687156, 
0.189307, 1.00044, 
0.189307, 0.811515, 
0.189307, 0.811515, 
0.189307, 0.809789, 
0.189307, 1.00044, 
0.189307, 1.00044, 
0.376353, 0.809823, 
0.376353, 0.809823, 
0.189274, 0.809823, 
0.187642, 0.809823, 
0.187642, 0.809823, 
0.37309, 0.809823, 
0.189307, 0.809771, 
0.189307, 0.809771, 
0.37309, 0.809771, 
0.37309, 0.809823, 
0.37309, 0.809823, 
0.189307, 0.622589, 
0.189257, 0.809789, 
0.189257, 0.619135, 
0.189257, 0.619135, 
0.189274, 0.809771, 
0.189274, 0.809771, 
0.376353, 0.809771, 
0.189257, 0.811515, 
0.189257, 1.00044, 
0.189257, 1.00044, 
0.189307, 0.811515, 
0.189307, 0.622589, 
0.189307, 0.622589, 
0.187642, 0.809771, 
0.187642, 0.809771, 
0.002194, 0.809771, 
0.189274, 0.809823, 
0.189274, 0.809823, 
0.002194, 0.809823, 
0.189257, 0.809823, 
0.189257, 0.622589, 
0.189257, 0.622589, 
0.189307, 0.809771, 
0.189307, 0.619135, 
0.189307, 0.619135, 
0.189257, 1.00044, 
0.189257, 0.809789, 
0.189257, 0.809789, 
0.189307, 0.619135, 
0.189307, 0.809789, 
0.189307, 0.809789, 
0.002194, 0.809771, 
0.002194, 0.809771, 
0.189274, 0.809771, 
0.002194, 0.809823, 
0.002194, 0.809823, 
0.187642, 0.809823, 
0.376353, 0.809771, 
0.376353, 0.809771, 
0.189257, 0.619135, 
0.189257, 0.622589, 
0.189257, 0.811515, 
0.189257, 0.811515, 
0.37309, 0.809771, 
0.37309, 0.809771, 
0.187642, 0.809771, 
0.189257, 0.809823, 
0.189257, 0.809823, 
0.376353, 0.809823, 
]);
