var pawnv = new Float32Array([
0.19509, 0, -0.980785, 
0, 0.4, -1, 
0, 0, -1, 
0.382683, 0, -0.92388, 
0.19509, 0.4, -0.980785, 
0.19509, 0, -0.980785, 
0.55557, 0, -0.83147, 
0.382683, 0.4, -0.92388, 
0.382683, 0, -0.92388, 
0.707107, 0, -0.707107, 
0.55557, 0.4, -0.83147, 
0.55557, 0, -0.83147, 
0.83147, 0, -0.55557, 
0.707107, 0.4, -0.707107, 
0.707107, 0, -0.707107, 
0.92388, 0, -0.382683, 
0.83147, 0.4, -0.55557, 
0.83147, 0, -0.55557, 
0.980785, 0, -0.19509, 
0.92388, 0.4, -0.382683, 
0.92388, 0, -0.382683, 
1, 0, 0, 
0.980785, 0.4, -0.19509, 
0.980785, 0, -0.19509, 
0.980785, 0, 0.19509, 
1, 0.4, 0, 
1, 0, 0, 
0.92388, 0, 0.382683, 
0.980785, 0.4, 0.19509, 
0.980785, 0, 0.19509, 
0.83147, 0, 0.55557, 
0.92388, 0.4, 0.382683, 
0.92388, 0, 0.382683, 
0.707107, 0, 0.707107, 
0.83147, 0.4, 0.55557, 
0.83147, 0, 0.55557, 
0.55557, 0, 0.83147, 
0.707107, 0.4, 0.707107, 
0.707107, 0, 0.707107, 
0.382683, 0, 0.92388, 
0.55557, 0.4, 0.83147, 
0.55557, 0, 0.83147, 
0.19509, 0, 0.980785, 
0.382683, 0.4, 0.92388, 
0.382683, 0, 0.92388, 
0, 0, 1, 
0.19509, 0.4, 0.980785, 
0.19509, 0, 0.980785, 
-0.19509, 0, 0.980785, 
0, 0.4, 1, 
0, 0, 1, 
-0.382683, 0, 0.92388, 
-0.19509, 0.4, 0.980785, 
-0.19509, 0, 0.980785, 
-0.55557, 0, 0.83147, 
-0.382683, 0.4, 0.92388, 
-0.382683, 0, 0.92388, 
-0.707107, 0, 0.707107, 
-0.55557, 0.4, 0.83147, 
-0.55557, 0, 0.83147, 
-0.83147, 0, 0.55557, 
-0.707107, 0.4, 0.707107, 
-0.707107, 0, 0.707107, 
-0.92388, 0, 0.382683, 
-0.83147, 0.4, 0.55557, 
-0.83147, 0, 0.55557, 
-0.980785, 0, 0.19509, 
-0.92388, 0.4, 0.382683, 
-0.92388, 0, 0.382683, 
-1, 0, 0, 
-0.980785, 0.4, 0.19509, 
-0.980785, 0, 0.19509, 
-0.980785, 0, -0.19509, 
-1, 0.4, 0, 
-1, 0, 0, 
-0.92388, 0, -0.382683, 
-0.980785, 0.4, -0.19509, 
-0.980785, 0, -0.19509, 
-0.83147, 0, -0.55557, 
-0.92388, 0.4, -0.382683, 
-0.92388, 0, -0.382683, 
-0.707107, 0, -0.707107, 
-0.83147, 0.4, -0.55557, 
-0.83147, 0, -0.55557, 
-0.55557, 0, -0.83147, 
-0.707107, 0.4, -0.707107, 
-0.707107, 0, -0.707107, 
-0.382683, 0, -0.92388, 
-0.55557, 0.4, -0.83147, 
-0.55557, 0, -0.83147, 
-0.19509, 0, -0.980785, 
-0.382683, 0.4, -0.92388, 
-0.382683, 0, -0.92388, 
0, 0, -1, 
-0.19509, 0.4, -0.980785, 
-0.19509, 0, -0.980785, 
0, 0.4, -1, 
0.19509, 0, -0.980785, 
0, 0, -1, 
0.19509, 0.4, -0.980785, 
0.382683, 0, -0.92388, 
0.19509, 0, -0.980785, 
0.382683, 0.4, -0.92388, 
0.55557, 0, -0.83147, 
0.382683, 0, -0.92388, 
0.55557, 0.4, -0.83147, 
0.707107, 0, -0.707107, 
0.55557, 0, -0.83147, 
0.707107, 0.4, -0.707107, 
0.83147, 0, -0.55557, 
0.707107, 0, -0.707107, 
0.83147, 0.4, -0.55557, 
0.92388, 0, -0.382683, 
0.83147, 0, -0.55557, 
0.92388, 0.4, -0.382683, 
0.980785, 0, -0.19509, 
0.92388, 0, -0.382683, 
0.980785, 0.4, -0.19509, 
1, 0, 0, 
0.980785, 0, -0.19509, 
1, 0.4, 0, 
0.980785, 0, 0.19509, 
1, 0, 0, 
0.980785, 0.4, 0.19509, 
0.92388, 0, 0.382683, 
0.980785, 0, 0.19509, 
0.92388, 0.4, 0.382683, 
0.83147, 0, 0.55557, 
0.92388, 0, 0.382683, 
0.83147, 0.4, 0.55557, 
0.707107, 0, 0.707107, 
0.83147, 0, 0.55557, 
0.707107, 0.4, 0.707107, 
0.55557, 0, 0.83147, 
0.707107, 0, 0.707107, 
0.55557, 0.4, 0.83147, 
0.382683, 0, 0.92388, 
0.55557, 0, 0.83147, 
0.382683, 0.4, 0.92388, 
0.19509, 0, 0.980785, 
0.382683, 0, 0.92388, 
0.19509, 0.4, 0.980785, 
0, 0, 1, 
0.19509, 0, 0.980785, 
0, 0.4, 1, 
-0.19509, 0, 0.980785, 
0, 0, 1, 
-0.19509, 0.4, 0.980785, 
-0.382683, 0, 0.92388, 
-0.19509, 0, 0.980785, 
-0.382683, 0.4, 0.92388, 
-0.55557, 0, 0.83147, 
-0.382683, 0, 0.92388, 
-0.55557, 0.4, 0.83147, 
-0.707107, 0, 0.707107, 
-0.55557, 0, 0.83147, 
-0.707107, 0.4, 0.707107, 
-0.83147, 0, 0.55557, 
-0.707107, 0, 0.707107, 
-0.83147, 0.4, 0.55557, 
-0.92388, 0, 0.382683, 
-0.83147, 0, 0.55557, 
-0.92388, 0.4, 0.382683, 
-0.980785, 0, 0.19509, 
-0.92388, 0, 0.382683, 
-0.980785, 0.4, 0.19509, 
-1, 0, 0, 
-0.980785, 0, 0.19509, 
-1, 0.4, 0, 
-0.980785, 0, -0.19509, 
-1, 0, 0, 
-0.980785, 0.4, -0.19509, 
-0.92388, 0, -0.382683, 
-0.980785, 0, -0.19509, 
-0.92388, 0.4, -0.382683, 
-0.83147, 0, -0.55557, 
-0.92388, 0, -0.382683, 
-0.83147, 0.4, -0.55557, 
-0.707107, 0, -0.707107, 
-0.83147, 0, -0.55557, 
-0.707107, 0.4, -0.707107, 
-0.55557, 0, -0.83147, 
-0.707107, 0, -0.707107, 
-0.55557, 0.4, -0.83147, 
-0.382683, 0, -0.92388, 
-0.55557, 0, -0.83147, 
-0.19509, 0.4, 0.980785, 
-0.121149, 1.57346, 0.292479, 
-0.382683, 0.4, 0.92388, 
-0.382683, 0.4, -0.92388, 
-0.19509, 0, -0.980785, 
-0.382683, 0, -0.92388, 
-0.19509, 0.4, -0.980785, 
0, 0, -1, 
-0.19509, 0, -0.980785, 
-0.316577, 1.57346, -0, 
-0.788399, 1.59401, -0.156822, 
-0.310494, 1.57346, -0.061761, 
-0.92388, 0.4, -0.382683, 
-0.263225, 1.57346, -0.175881, 
-0.83147, 0.4, -0.55557, 
0.707107, 0.4, -0.707107, 
0.263225, 1.57346, -0.175881, 
0.83147, 0.4, -0.55557, 
0.55557, 0.4, 0.83147, 
0.121149, 1.57346, 0.292479, 
0.382683, 0.4, 0.92388, 
-0.92388, 0.4, 0.382683, 
-0.310494, 1.57346, 0.061761, 
-0.980785, 0.4, 0.19509, 
0, 0.4, -1, 
0.061761, 1.57346, -0.310494, 
0.19509, 0.4, -0.980785, 
-0.19509, 0.4, -0.980785, 
0, 1.57346, -0.316577, 
0, 0.4, -1, 
0.980785, 0.4, 0.19509, 
0.292479, 1.57346, 0.121149, 
0.92388, 0.4, 0.382683, 
-0.382683, 0.4, 0.92388, 
-0.175881, 1.57346, 0.263224, 
-0.55557, 0.4, 0.83147, 
-0.83147, 0.4, -0.55557, 
-0.223854, 1.57346, -0.223854, 
-0.707107, 0.4, -0.707107, 
0.83147, 0.4, -0.55557, 
0.292479, 1.57346, -0.121149, 
0.92388, 0.4, -0.382683, 
0.382683, 0.4, 0.92388, 
0.061761, 1.57346, 0.310494, 
0.19509, 0.4, 0.980785, 
-0.980785, 0.4, 0.19509, 
-0.316577, 1.57346, -0, 
-1, 0.4, 0, 
0.19509, 0.4, -0.980785, 
0.121149, 1.57346, -0.292479, 
0.382683, 0.4, -0.92388, 
0.92388, 0.4, 0.382683, 
0.263225, 1.57346, 0.175881, 
0.83147, 0.4, 0.55557, 
-0.55557, 0.4, 0.83147, 
-0.223854, 1.57346, 0.223854, 
-0.707107, 0.4, 0.707107, 
-0.707107, 0.4, -0.707107, 
-0.175881, 1.57346, -0.263225, 
-0.55557, 0.4, -0.83147, 
0.92388, 0.4, -0.382683, 
0.310494, 1.57346, -0.061761, 
0.980785, 0.4, -0.19509, 
0.19509, 0.4, 0.980785, 
0, 1.57346, 0.316577, 
0, 0.4, 1, 
-1, 0.4, 0, 
-0.310494, 1.57346, -0.061761, 
-0.980785, 0.4, -0.19509, 
0.382683, 0.4, -0.92388, 
0.175881, 1.57346, -0.263225, 
0.55557, 0.4, -0.83147, 
0.83147, 0.4, 0.55557, 
0.223854, 1.57346, 0.223854, 
0.707107, 0.4, 0.707107, 
-0.707107, 0.4, 0.707107, 
-0.263225, 1.57346, 0.175881, 
-0.83147, 0.4, 0.55557, 
-0.55557, 0.4, -0.83147, 
-0.121149, 1.57346, -0.292479, 
-0.382683, 0.4, -0.92388, 
0.980785, 0.4, -0.19509, 
0.316577, 1.57346, -0, 
1, 0.4, 0, 
0, 0.4, 1, 
-0.061761, 1.57346, 0.310494, 
-0.19509, 0.4, 0.980785, 
-0.980785, 0.4, -0.19509, 
-0.292479, 1.57346, -0.121149, 
-0.92388, 0.4, -0.382683, 
0.55557, 0.4, -0.83147, 
0.223854, 1.57346, -0.223854, 
0.707107, 0.4, -0.707107, 
0.707107, 0.4, 0.707107, 
0.175881, 1.57346, 0.263224, 
0.55557, 0.4, 0.83147, 
-0.83147, 0.4, 0.55557, 
-0.292479, 1.57346, 0.121149, 
-0.92388, 0.4, 0.382683, 
-0.382683, 0.4, -0.92388, 
-0.061761, 1.57346, -0.310494, 
-0.19509, 0.4, -0.980785, 
1, 0.4, 0, 
0.310494, 1.57346, 0.061761, 
0.980785, 0.4, 0.19509, 
-0.668372, 1.59401, -0.446592, 
-0.568404, 1.98664, -0.568404, 
-0.568404, 1.59401, -0.568404, 
0.263225, 1.57346, 0.175881, 
0.568404, 1.59401, 0.568404, 
0.223854, 1.57346, 0.223854, 
-0.310494, 1.57346, -0.061761, 
-0.742655, 1.59401, -0.307618, 
-0.292479, 1.57346, -0.121149, 
0.223854, 1.57346, 0.223854, 
0.446592, 1.59401, 0.668372, 
0.175881, 1.57346, 0.263224, 
-0.263225, 1.57346, -0.175881, 
-0.742655, 1.59401, -0.307618, 
-0.668372, 1.59401, -0.446592, 
0.121149, 1.57346, 0.292479, 
0.446592, 1.59401, 0.668372, 
0.307618, 1.59401, 0.742655, 
0, 1.57346, -0.316577, 
0.156822, 1.59401, -0.788399, 
0.061761, 1.57346, -0.310494, 
-0.263225, 1.57346, -0.175881, 
-0.568404, 1.59401, -0.568404, 
-0.223854, 1.57346, -0.223854, 
0.121149, 1.57346, 0.292479, 
0.156822, 1.59401, 0.788399, 
0.061761, 1.57346, 0.310494, 
0.061761, 1.57346, -0.310494, 
0.307618, 1.59401, -0.742655, 
0.121149, 1.57346, -0.292479, 
-0.223854, 1.57346, -0.223854, 
-0.446592, 1.59401, -0.668372, 
-0.175881, 1.57346, -0.263225, 
0.061761, 1.57346, 0.310494, 
0, 1.59401, 0.803844, 
0, 1.57346, 0.316577, 
0.175881, 1.57346, -0.263225, 
0.307618, 1.59401, -0.742655, 
0.446592, 1.59401, -0.668372, 
-0.175881, 1.57346, -0.263225, 
-0.307618, 1.59401, -0.742655, 
-0.121149, 1.57346, -0.292479, 
0, 1.57346, 0.316577, 
-0.156822, 1.59401, 0.788399, 
-0.061761, 1.57346, 0.310494, 
0.175881, 1.57346, -0.263225, 
0.568404, 1.59401, -0.568404, 
0.223854, 1.57346, -0.223854, 
-0.061761, 1.57346, -0.310494, 
-0.307618, 1.59401, -0.742655, 
-0.156822, 1.59401, -0.788399, 
-0.061761, 1.57346, 0.310494, 
-0.307618, 1.59401, 0.742655, 
-0.121149, 1.57346, 0.292479, 
0.263225, 1.57346, -0.175881, 
0.568404, 1.59401, -0.568404, 
0.668372, 1.59401, -0.446592, 
-0.061761, 1.57346, -0.310494, 
0, 1.59401, -0.803844, 
0, 1.57346, -0.316577, 
-0.121149, 1.57346, 0.292479, 
-0.446592, 1.59401, 0.668372, 
-0.175881, 1.57346, 0.263224, 
0.263225, 1.57346, -0.175881, 
0.742655, 1.59401, -0.307618, 
0.292479, 1.57346, -0.121149, 
-0.175881, 1.57346, 0.263224, 
-0.568404, 1.59401, 0.568404, 
-0.223854, 1.57346, 0.223854, 
0.292479, 1.57346, -0.121149, 
0.788399, 1.59401, -0.156822, 
0.310494, 1.57346, -0.061761, 
-0.223854, 1.57346, 0.223854, 
-0.668372, 1.59401, 0.446592, 
-0.263225, 1.57346, 0.175881, 
0.310494, 1.57346, -0.061761, 
0.803844, 1.59401, -0, 
0.316577, 1.57346, -0, 
-0.292479, 1.57346, 0.121149, 
-0.668372, 1.59401, 0.446592, 
-0.742655, 1.59401, 0.307618, 
0.316577, 1.57346, -0, 
0.788399, 1.59401, 0.156822, 
0.310494, 1.57346, 0.061761, 
-0.310494, 1.57346, 0.061761, 
-0.742655, 1.59401, 0.307618, 
-0.788399, 1.59401, 0.156822, 
0.310494, 1.57346, 0.061761, 
0.742655, 1.59401, 0.307618, 
0.292479, 1.57346, 0.121149, 
-0.310494, 1.57346, 0.061761, 
-0.803844, 1.59401, -0, 
-0.316577, 1.57346, -0, 
0.263225, 1.57346, 0.175881, 
0.742655, 1.59401, 0.307618, 
0.668372, 1.59401, 0.446592, 
-0.307618, 1.98664, -0.742655, 
-0.100136, 2.28391, -0.503416, 
-0.156822, 1.98664, -0.788399, 
0.307618, 1.59401, 0.742655, 
0.156822, 1.98664, 0.788399, 
0.156822, 1.59401, 0.788399, 
0.156822, 1.59401, -0.788399, 
0.307618, 1.98664, -0.742655, 
0.307618, 1.59401, -0.742655, 
-0.568404, 1.59401, -0.568404, 
-0.446592, 1.98664, -0.668372, 
-0.446592, 1.59401, -0.668372, 
0.156822, 1.59401, 0.788399, 
-0, 1.98664, 0.803844, 
0, 1.59401, 0.803844, 
0.307618, 1.59401, -0.742655, 
0.446592, 1.98664, -0.668372, 
0.446592, 1.59401, -0.668372, 
-0.446592, 1.59401, -0.668372, 
-0.307618, 1.98664, -0.742655, 
-0.307618, 1.59401, -0.742655, 
0, 1.59401, 0.803844, 
-0.156822, 1.98664, 0.788399, 
-0.156822, 1.59401, 0.788399, 
0.446592, 1.59401, -0.668372, 
0.568404, 1.98664, -0.568404, 
0.568404, 1.59401, -0.568404, 
-0.307618, 1.59401, -0.742655, 
-0.156822, 1.98664, -0.788399, 
-0.156822, 1.59401, -0.788399, 
-0.156822, 1.59401, 0.788399, 
-0.307618, 1.98664, 0.742655, 
-0.307618, 1.59401, 0.742655, 
0.568404, 1.59401, -0.568404, 
0.668372, 1.98664, -0.446592, 
0.668372, 1.59401, -0.446592, 
0, 1.59401, -0.803844, 
-0.156822, 1.98664, -0.788399, 
-0, 1.98664, -0.803844, 
-0.307618, 1.59401, 0.742655, 
-0.446592, 1.98664, 0.668372, 
-0.446592, 1.59401, 0.668372, 
0.668372, 1.59401, -0.446592, 
0.742655, 1.98664, -0.307618, 
0.742655, 1.59401, -0.307618, 
-0.446592, 1.59401, 0.668372, 
-0.568404, 1.98664, 0.568404, 
-0.568404, 1.59401, 0.568404, 
0.742655, 1.59401, -0.307618, 
0.788399, 1.98664, -0.156822, 
0.788399, 1.59401, -0.156822, 
-0.568404, 1.59401, 0.568404, 
-0.668372, 1.98664, 0.446592, 
-0.668372, 1.59401, 0.446592, 
0.788399, 1.59401, -0.156822, 
0.803844, 1.98664, -0, 
0.803844, 1.59401, -0, 
-0.668372, 1.59401, 0.446592, 
-0.742655, 1.98664, 0.307618, 
-0.742655, 1.59401, 0.307618, 
0.803844, 1.59401, -0, 
0.788399, 1.98664, 0.156822, 
0.788399, 1.59401, 0.156822, 
-0.742655, 1.59401, 0.307618, 
-0.788399, 1.98664, 0.156822, 
-0.788399, 1.59401, 0.156822, 
0.788399, 1.59401, 0.156822, 
0.742655, 1.98664, 0.307618, 
0.742655, 1.59401, 0.307618, 
-0.788399, 1.59401, 0.156822, 
-0.803844, 1.98664, -0, 
-0.803844, 1.59401, -0, 
0.742655, 1.59401, 0.307618, 
0.668372, 1.98664, 0.446592, 
0.668372, 1.59401, 0.446592, 
-0.803844, 1.59401, -0, 
-0.788399, 1.98664, -0.156822, 
-0.788399, 1.59401, -0.156822, 
0.668372, 1.59401, 0.446592, 
0.568404, 1.98664, 0.568404, 
0.568404, 1.59401, 0.568404, 
-0.788399, 1.59401, -0.156822, 
-0.742655, 1.98664, -0.307618, 
-0.742655, 1.59401, -0.307618, 
0.568404, 1.59401, 0.568404, 
0.446592, 1.98664, 0.668372, 
0.446592, 1.59401, 0.668372, 
-0.742655, 1.59401, -0.307618, 
-0.668372, 1.98664, -0.446592, 
-0.668372, 1.59401, -0.446592, 
0.446592, 1.59401, 0.668372, 
0.307618, 1.98664, 0.742655, 
0.307618, 1.59401, 0.742655, 
0, 1.59401, -0.803844, 
0.156822, 1.98664, -0.788399, 
0.156822, 1.59401, -0.788399, 
-0.362942, 2.28391, 0.362942, 
-0.224004, 2.40113, 0.149675, 
-0.426775, 2.28391, 0.285162, 
-0.156822, 1.98664, 0.788399, 
-0.196423, 2.28391, 0.474207, 
-0.307618, 1.98664, 0.742655, 
0.568404, 1.98664, -0.568404, 
0.426775, 2.28391, -0.285162, 
0.668372, 1.98664, -0.446592, 
-0.156822, 1.98664, -0.788399, 
0, 2.28391, -0.513278, 
-0, 1.98664, -0.803844, 
-0.307618, 1.98664, 0.742655, 
-0.285162, 2.28391, 0.426775, 
-0.446592, 1.98664, 0.668372, 
0.668372, 1.98664, -0.446592, 
0.474207, 2.28391, -0.196423, 
0.742655, 1.98664, -0.307618, 
-0.446592, 1.98664, 0.668372, 
-0.362942, 2.28391, 0.362942, 
-0.568404, 1.98664, 0.568404, 
0.742655, 1.98664, -0.307618, 
0.503416, 2.28391, -0.100136, 
0.788399, 1.98664, -0.156822, 
-0.568404, 1.98664, 0.568404, 
-0.426775, 2.28391, 0.285162, 
-0.668372, 1.98664, 0.446592, 
0.788399, 1.98664, -0.156822, 
0.513278, 2.28391, -0, 
0.803844, 1.98664, -0, 
-0.668372, 1.98664, 0.446592, 
-0.474207, 2.28391, 0.196423, 
-0.742655, 1.98664, 0.307618, 
0.803844, 1.98664, -0, 
0.503416, 2.28391, 0.100136, 
0.788399, 1.98664, 0.156822, 
-0.742655, 1.98664, 0.307618, 
-0.503416, 2.28391, 0.100136, 
-0.788399, 1.98664, 0.156822, 
0.788399, 1.98664, 0.156822, 
0.474207, 2.28391, 0.196423, 
0.742655, 1.98664, 0.307618, 
-0.788399, 1.98664, 0.156822, 
-0.513278, 2.28391, -0, 
-0.803844, 1.98664, -0, 
0.742655, 1.98664, 0.307618, 
0.426775, 2.28391, 0.285162, 
0.668372, 1.98664, 0.446592, 
-0.803844, 1.98664, -0, 
-0.503416, 2.28391, -0.100136, 
-0.788399, 1.98664, -0.156822, 
0.568404, 1.98664, 0.568404, 
0.426775, 2.28391, 0.285162, 
0.362942, 2.28391, 0.362942, 
-0.788399, 1.98664, -0.156822, 
-0.474207, 2.28391, -0.196423, 
-0.742655, 1.98664, -0.307618, 
0.568404, 1.98664, 0.568404, 
0.285162, 2.28391, 0.426775, 
0.446592, 1.98664, 0.668372, 
-0.742655, 1.98664, -0.307618, 
-0.426775, 2.28391, -0.285162, 
-0.668372, 1.98664, -0.446592, 
0.446592, 1.98664, 0.668372, 
0.196423, 2.28391, 0.474207, 
0.307618, 1.98664, 0.742655, 
-0, 1.98664, -0.803844, 
0.100136, 2.28391, -0.503416, 
0.156822, 1.98664, -0.788399, 
-0.668372, 1.98664, -0.446592, 
-0.362942, 2.28391, -0.362942, 
-0.568404, 1.98664, -0.568404, 
0.307618, 1.98664, 0.742655, 
0.100136, 2.28391, 0.503416, 
0.156822, 1.98664, 0.788399, 
0.156822, 1.98664, -0.788399, 
0.196423, 2.28391, -0.474207, 
0.307618, 1.98664, -0.742655, 
-0.568404, 1.98664, -0.568404, 
-0.285162, 2.28391, -0.426775, 
-0.446592, 1.98664, -0.668372, 
0.156822, 1.98664, 0.788399, 
0, 2.28391, 0.513278, 
-0, 1.98664, 0.803844, 
0.307618, 1.98664, -0.742655, 
0.285162, 2.28391, -0.426775, 
0.446592, 1.98664, -0.668372, 
-0.446592, 1.98664, -0.668372, 
-0.196423, 2.28391, -0.474207, 
-0.307618, 1.98664, -0.742655, 
-0, 1.98664, 0.803844, 
-0.100136, 2.28391, 0.503416, 
-0.156822, 1.98664, 0.788399, 
0.446592, 1.98664, -0.668372, 
0.362942, 2.28391, -0.362942, 
0.568404, 1.98664, -0.568404, 
-0.103098, 2.40113, 0.2489, 
0.2489, 2.40113, 0.103098, 
0.103098, 2.40113, -0.2489, 
0.503416, 2.28391, -0.100136, 
0.269407, 2.40113, -0, 
0.513278, 2.28391, -0, 
-0.426775, 2.28391, 0.285162, 
-0.2489, 2.40113, 0.103098, 
-0.474207, 2.28391, 0.196423, 
0.513278, 2.28391, -0, 
0.264231, 2.40113, 0.052559, 
0.503416, 2.28391, 0.100136, 
-0.474207, 2.28391, 0.196423, 
-0.264231, 2.40113, 0.052559, 
-0.503416, 2.28391, 0.100136, 
0.503416, 2.28391, 0.100136, 
0.2489, 2.40113, 0.103098, 
0.474207, 2.28391, 0.196423, 
-0.513278, 2.28391, -0, 
-0.264231, 2.40113, 0.052559, 
-0.269407, 2.40113, -0, 
0.474207, 2.28391, 0.196423, 
0.224004, 2.40113, 0.149675, 
0.426775, 2.28391, 0.285162, 
-0.513278, 2.28391, -0, 
-0.264231, 2.40113, -0.052559, 
-0.503416, 2.28391, -0.100136, 
0.362942, 2.28391, 0.362942, 
0.224004, 2.40113, 0.149675, 
0.1905, 2.40113, 0.1905, 
-0.474207, 2.28391, -0.196423, 
-0.264231, 2.40113, -0.052559, 
-0.2489, 2.40113, -0.103098, 
0.362942, 2.28391, 0.362942, 
0.149675, 2.40113, 0.224004, 
0.285162, 2.28391, 0.426775, 
-0.474207, 2.28391, -0.196423, 
-0.224004, 2.40113, -0.149675, 
-0.426775, 2.28391, -0.285162, 
0.285162, 2.28391, 0.426775, 
0.103098, 2.40113, 0.2489, 
0.196423, 2.28391, 0.474207, 
0, 2.28391, -0.513278, 
0.052559, 2.40113, -0.264231, 
0.100136, 2.28391, -0.503416, 
-0.362942, 2.28391, -0.362942, 
-0.224004, 2.40113, -0.149675, 
-0.1905, 2.40113, -0.1905, 
0.196423, 2.28391, 0.474207, 
0.052559, 2.40113, 0.264231, 
0.100136, 2.28391, 0.503416, 
0.196423, 2.28391, -0.474207, 
0.052559, 2.40113, -0.264231, 
0.103098, 2.40113, -0.2489, 
-0.362942, 2.28391, -0.362942, 
-0.149675, 2.40113, -0.224004, 
-0.285162, 2.28391, -0.426775, 
0.100136, 2.28391, 0.503416, 
0, 2.40113, 0.269407, 
0, 2.28391, 0.513278, 
0.196423, 2.28391, -0.474207, 
0.149675, 2.40113, -0.224004, 
0.285162, 2.28391, -0.426775, 
-0.285162, 2.28391, -0.426775, 
-0.103098, 2.40113, -0.2489, 
-0.196423, 2.28391, -0.474207, 
-0.100136, 2.28391, 0.503416, 
0, 2.40113, 0.269407, 
-0.052559, 2.40113, 0.264231, 
0.285162, 2.28391, -0.426775, 
0.1905, 2.40113, -0.1905, 
0.362942, 2.28391, -0.362942, 
-0.196423, 2.28391, -0.474207, 
-0.052559, 2.40113, -0.264231, 
-0.100136, 2.28391, -0.503416, 
-0.196423, 2.28391, 0.474207, 
-0.052559, 2.40113, 0.264231, 
-0.103098, 2.40113, 0.2489, 
0.362942, 2.28391, -0.362942, 
0.224004, 2.40113, -0.149675, 
0.426775, 2.28391, -0.285162, 
-0.100136, 2.28391, -0.503416, 
0, 2.40113, -0.269407, 
0, 2.28391, -0.513278, 
-0.196423, 2.28391, 0.474207, 
-0.149675, 2.40113, 0.224004, 
-0.285162, 2.28391, 0.426775, 
0.474207, 2.28391, -0.196423, 
0.224004, 2.40113, -0.149675, 
0.2489, 2.40113, -0.103098, 
-0.285162, 2.28391, 0.426775, 
-0.1905, 2.40113, 0.1905, 
-0.362942, 2.28391, 0.362942, 
0.474207, 2.28391, -0.196423, 
0.264231, 2.40113, -0.052559, 
0.503416, 2.28391, -0.100136, 
0.19509, 0, -0.980785, 
0.19509, 0.4, -0.980785, 
0, 0.4, -1, 
0.382683, 0, -0.92388, 
0.382683, 0.4, -0.92388, 
0.19509, 0.4, -0.980785, 
0.55557, 0, -0.83147, 
0.55557, 0.4, -0.83147, 
0.382683, 0.4, -0.92388, 
0.707107, 0, -0.707107, 
0.707107, 0.4, -0.707107, 
0.55557, 0.4, -0.83147, 
0.83147, 0, -0.55557, 
0.83147, 0.4, -0.55557, 
0.707107, 0.4, -0.707107, 
0.92388, 0, -0.382683, 
0.92388, 0.4, -0.382683, 
0.83147, 0.4, -0.55557, 
0.980785, 0, -0.19509, 
0.980785, 0.4, -0.19509, 
0.92388, 0.4, -0.382683, 
1, 0, 0, 
1, 0.4, 0, 
0.980785, 0.4, -0.19509, 
0.980785, 0, 0.19509, 
0.980785, 0.4, 0.19509, 
1, 0.4, 0, 
0.92388, 0, 0.382683, 
0.92388, 0.4, 0.382683, 
0.980785, 0.4, 0.19509, 
0.83147, 0, 0.55557, 
0.83147, 0.4, 0.55557, 
0.92388, 0.4, 0.382683, 
0.707107, 0, 0.707107, 
0.707107, 0.4, 0.707107, 
0.83147, 0.4, 0.55557, 
0.55557, 0, 0.83147, 
0.55557, 0.4, 0.83147, 
0.707107, 0.4, 0.707107, 
0.382683, 0, 0.92388, 
0.382683, 0.4, 0.92388, 
0.55557, 0.4, 0.83147, 
0.19509, 0, 0.980785, 
0.19509, 0.4, 0.980785, 
0.382683, 0.4, 0.92388, 
0, 0, 1, 
0, 0.4, 1, 
0.19509, 0.4, 0.980785, 
-0.19509, 0, 0.980785, 
-0.19509, 0.4, 0.980785, 
0, 0.4, 1, 
-0.382683, 0, 0.92388, 
-0.382683, 0.4, 0.92388, 
-0.19509, 0.4, 0.980785, 
-0.55557, 0, 0.83147, 
-0.55557, 0.4, 0.83147, 
-0.382683, 0.4, 0.92388, 
-0.707107, 0, 0.707107, 
-0.707107, 0.4, 0.707107, 
-0.55557, 0.4, 0.83147, 
-0.83147, 0, 0.55557, 
-0.83147, 0.4, 0.55557, 
-0.707107, 0.4, 0.707107, 
-0.92388, 0, 0.382683, 
-0.92388, 0.4, 0.382683, 
-0.83147, 0.4, 0.55557, 
-0.980785, 0, 0.19509, 
-0.980785, 0.4, 0.19509, 
-0.92388, 0.4, 0.382683, 
-1, 0, 0, 
-1, 0.4, 0, 
-0.980785, 0.4, 0.19509, 
-0.980785, 0, -0.19509, 
-0.980785, 0.4, -0.19509, 
-1, 0.4, 0, 
-0.92388, 0, -0.382683, 
-0.92388, 0.4, -0.382683, 
-0.980785, 0.4, -0.19509, 
-0.83147, 0, -0.55557, 
-0.83147, 0.4, -0.55557, 
-0.92388, 0.4, -0.382683, 
-0.707107, 0, -0.707107, 
-0.707107, 0.4, -0.707107, 
-0.83147, 0.4, -0.55557, 
-0.55557, 0, -0.83147, 
-0.55557, 0.4, -0.83147, 
-0.707107, 0.4, -0.707107, 
-0.382683, 0, -0.92388, 
-0.382683, 0.4, -0.92388, 
-0.55557, 0.4, -0.83147, 
-0.19509, 0, -0.980785, 
-0.19509, 0.4, -0.980785, 
-0.382683, 0.4, -0.92388, 
0, 0, -1, 
0, 0.4, -1, 
-0.19509, 0.4, -0.980785, 
0, 0.4, -1, 
0.19509, 0.4, -0.980785, 
0.19509, 0, -0.980785, 
0.19509, 0.4, -0.980785, 
0.382683, 0.4, -0.92388, 
0.382683, 0, -0.92388, 
0.382683, 0.4, -0.92388, 
0.55557, 0.4, -0.83147, 
0.55557, 0, -0.83147, 
0.55557, 0.4, -0.83147, 
0.707107, 0.4, -0.707107, 
0.707107, 0, -0.707107, 
0.707107, 0.4, -0.707107, 
0.83147, 0.4, -0.55557, 
0.83147, 0, -0.55557, 
0.83147, 0.4, -0.55557, 
0.92388, 0.4, -0.382683, 
0.92388, 0, -0.382683, 
0.92388, 0.4, -0.382683, 
0.980785, 0.4, -0.19509, 
0.980785, 0, -0.19509, 
0.980785, 0.4, -0.19509, 
1, 0.4, 0, 
1, 0, 0, 
1, 0.4, 0, 
0.980785, 0.4, 0.19509, 
0.980785, 0, 0.19509, 
0.980785, 0.4, 0.19509, 
0.92388, 0.4, 0.382683, 
0.92388, 0, 0.382683, 
0.92388, 0.4, 0.382683, 
0.83147, 0.4, 0.55557, 
0.83147, 0, 0.55557, 
0.83147, 0.4, 0.55557, 
0.707107, 0.4, 0.707107, 
0.707107, 0, 0.707107, 
0.707107, 0.4, 0.707107, 
0.55557, 0.4, 0.83147, 
0.55557, 0, 0.83147, 
0.55557, 0.4, 0.83147, 
0.382683, 0.4, 0.92388, 
0.382683, 0, 0.92388, 
0.382683, 0.4, 0.92388, 
0.19509, 0.4, 0.980785, 
0.19509, 0, 0.980785, 
0.19509, 0.4, 0.980785, 
0, 0.4, 1, 
0, 0, 1, 
0, 0.4, 1, 
-0.19509, 0.4, 0.980785, 
-0.19509, 0, 0.980785, 
-0.19509, 0.4, 0.980785, 
-0.382683, 0.4, 0.92388, 
-0.382683, 0, 0.92388, 
-0.382683, 0.4, 0.92388, 
-0.55557, 0.4, 0.83147, 
-0.55557, 0, 0.83147, 
-0.55557, 0.4, 0.83147, 
-0.707107, 0.4, 0.707107, 
-0.707107, 0, 0.707107, 
-0.707107, 0.4, 0.707107, 
-0.83147, 0.4, 0.55557, 
-0.83147, 0, 0.55557, 
-0.83147, 0.4, 0.55557, 
-0.92388, 0.4, 0.382683, 
-0.92388, 0, 0.382683, 
-0.92388, 0.4, 0.382683, 
-0.980785, 0.4, 0.19509, 
-0.980785, 0, 0.19509, 
-0.980785, 0.4, 0.19509, 
-1, 0.4, 0, 
-1, 0, 0, 
-1, 0.4, 0, 
-0.980785, 0.4, -0.19509, 
-0.980785, 0, -0.19509, 
-0.980785, 0.4, -0.19509, 
-0.92388, 0.4, -0.382683, 
-0.92388, 0, -0.382683, 
-0.92388, 0.4, -0.382683, 
-0.83147, 0.4, -0.55557, 
-0.83147, 0, -0.55557, 
-0.83147, 0.4, -0.55557, 
-0.707107, 0.4, -0.707107, 
-0.707107, 0, -0.707107, 
-0.707107, 0.4, -0.707107, 
-0.55557, 0.4, -0.83147, 
-0.55557, 0, -0.83147, 
-0.55557, 0.4, -0.83147, 
-0.382683, 0.4, -0.92388, 
-0.382683, 0, -0.92388, 
-0.19509, 0.4, 0.980785, 
-0.061761, 1.57346, 0.310494, 
-0.121149, 1.57346, 0.292479, 
-0.382683, 0.4, -0.92388, 
-0.19509, 0.4, -0.980785, 
-0.19509, 0, -0.980785, 
-0.19509, 0.4, -0.980785, 
0, 0.4, -1, 
0, 0, -1, 
-0.316577, 1.57346, -0, 
-0.803844, 1.59401, -0, 
-0.788399, 1.59401, -0.156822, 
-0.92388, 0.4, -0.382683, 
-0.292479, 1.57346, -0.121149, 
-0.263225, 1.57346, -0.175881, 
0.707107, 0.4, -0.707107, 
0.223854, 1.57346, -0.223854, 
0.263225, 1.57346, -0.175881, 
0.55557, 0.4, 0.83147, 
0.175881, 1.57346, 0.263224, 
0.121149, 1.57346, 0.292479, 
-0.92388, 0.4, 0.382683, 
-0.292479, 1.57346, 0.121149, 
-0.310494, 1.57346, 0.061761, 
0, 0.4, -1, 
0, 1.57346, -0.316577, 
0.061761, 1.57346, -0.310494, 
-0.19509, 0.4, -0.980785, 
-0.061761, 1.57346, -0.310494, 
0, 1.57346, -0.316577, 
0.980785, 0.4, 0.19509, 
0.310494, 1.57346, 0.061761, 
0.292479, 1.57346, 0.121149, 
-0.382683, 0.4, 0.92388, 
-0.121149, 1.57346, 0.292479, 
-0.175881, 1.57346, 0.263224, 
-0.83147, 0.4, -0.55557, 
-0.263225, 1.57346, -0.175881, 
-0.223854, 1.57346, -0.223854, 
0.83147, 0.4, -0.55557, 
0.263225, 1.57346, -0.175881, 
0.292479, 1.57346, -0.121149, 
0.382683, 0.4, 0.92388, 
0.121149, 1.57346, 0.292479, 
0.061761, 1.57346, 0.310494, 
-0.980785, 0.4, 0.19509, 
-0.310494, 1.57346, 0.061761, 
-0.316577, 1.57346, -0, 
0.19509, 0.4, -0.980785, 
0.061761, 1.57346, -0.310494, 
0.121149, 1.57346, -0.292479, 
0.92388, 0.4, 0.382683, 
0.292479, 1.57346, 0.121149, 
0.263225, 1.57346, 0.175881, 
-0.55557, 0.4, 0.83147, 
-0.175881, 1.57346, 0.263224, 
-0.223854, 1.57346, 0.223854, 
-0.707107, 0.4, -0.707107, 
-0.223854, 1.57346, -0.223854, 
-0.175881, 1.57346, -0.263225, 
0.92388, 0.4, -0.382683, 
0.292479, 1.57346, -0.121149, 
0.310494, 1.57346, -0.061761, 
0.19509, 0.4, 0.980785, 
0.061761, 1.57346, 0.310494, 
0, 1.57346, 0.316577, 
-1, 0.4, 0, 
-0.316577, 1.57346, -0, 
-0.310494, 1.57346, -0.061761, 
0.382683, 0.4, -0.92388, 
0.121149, 1.57346, -0.292479, 
0.175881, 1.57346, -0.263225, 
0.83147, 0.4, 0.55557, 
0.263225, 1.57346, 0.175881, 
0.223854, 1.57346, 0.223854, 
-0.707107, 0.4, 0.707107, 
-0.223854, 1.57346, 0.223854, 
-0.263225, 1.57346, 0.175881, 
-0.55557, 0.4, -0.83147, 
-0.175881, 1.57346, -0.263225, 
-0.121149, 1.57346, -0.292479, 
0.980785, 0.4, -0.19509, 
0.310494, 1.57346, -0.061761, 
0.316577, 1.57346, -0, 
0, 0.4, 1, 
0, 1.57346, 0.316577, 
-0.061761, 1.57346, 0.310494, 
-0.980785, 0.4, -0.19509, 
-0.310494, 1.57346, -0.061761, 
-0.292479, 1.57346, -0.121149, 
0.55557, 0.4, -0.83147, 
0.175881, 1.57346, -0.263225, 
0.223854, 1.57346, -0.223854, 
0.707107, 0.4, 0.707107, 
0.223854, 1.57346, 0.223854, 
0.175881, 1.57346, 0.263224, 
-0.83147, 0.4, 0.55557, 
-0.263225, 1.57346, 0.175881, 
-0.292479, 1.57346, 0.121149, 
-0.382683, 0.4, -0.92388, 
-0.121149, 1.57346, -0.292479, 
-0.061761, 1.57346, -0.310494, 
1, 0.4, 0, 
0.316577, 1.57346, -0, 
0.310494, 1.57346, 0.061761, 
-0.668372, 1.59401, -0.446592, 
-0.668372, 1.98664, -0.446592, 
-0.568404, 1.98664, -0.568404, 
0.263225, 1.57346, 0.175881, 
0.668372, 1.59401, 0.446592, 
0.568404, 1.59401, 0.568404, 
-0.310494, 1.57346, -0.061761, 
-0.788399, 1.59401, -0.156822, 
-0.742655, 1.59401, -0.307618, 
0.223854, 1.57346, 0.223854, 
0.568404, 1.59401, 0.568404, 
0.446592, 1.59401, 0.668372, 
-0.263225, 1.57346, -0.175881, 
-0.292479, 1.57346, -0.121149, 
-0.742655, 1.59401, -0.307618, 
0.121149, 1.57346, 0.292479, 
0.175881, 1.57346, 0.263224, 
0.446592, 1.59401, 0.668372, 
0, 1.57346, -0.316577, 
0, 1.59401, -0.803844, 
0.156822, 1.59401, -0.788399, 
-0.263225, 1.57346, -0.175881, 
-0.668372, 1.59401, -0.446592, 
-0.568404, 1.59401, -0.568404, 
0.121149, 1.57346, 0.292479, 
0.307618, 1.59401, 0.742655, 
0.156822, 1.59401, 0.788399, 
0.061761, 1.57346, -0.310494, 
0.156822, 1.59401, -0.788399, 
0.307618, 1.59401, -0.742655, 
-0.223854, 1.57346, -0.223854, 
-0.568404, 1.59401, -0.568404, 
-0.446592, 1.59401, -0.668372, 
0.061761, 1.57346, 0.310494, 
0.156822, 1.59401, 0.788399, 
0, 1.59401, 0.803844, 
0.175881, 1.57346, -0.263225, 
0.121149, 1.57346, -0.292479, 
0.307618, 1.59401, -0.742655, 
-0.175881, 1.57346, -0.263225, 
-0.446592, 1.59401, -0.668372, 
-0.307618, 1.59401, -0.742655, 
0, 1.57346, 0.316577, 
0, 1.59401, 0.803844, 
-0.156822, 1.59401, 0.788399, 
0.175881, 1.57346, -0.263225, 
0.446592, 1.59401, -0.668372, 
0.568404, 1.59401, -0.568404, 
-0.061761, 1.57346, -0.310494, 
-0.121149, 1.57346, -0.292479, 
-0.307618, 1.59401, -0.742655, 
-0.061761, 1.57346, 0.310494, 
-0.156822, 1.59401, 0.788399, 
-0.307618, 1.59401, 0.742655, 
0.263225, 1.57346, -0.175881, 
0.223854, 1.57346, -0.223854, 
0.568404, 1.59401, -0.568404, 
-0.061761, 1.57346, -0.310494, 
-0.156822, 1.59401, -0.788399, 
0, 1.59401, -0.803844, 
-0.121149, 1.57346, 0.292479, 
-0.307618, 1.59401, 0.742655, 
-0.446592, 1.59401, 0.668372, 
0.263225, 1.57346, -0.175881, 
0.668372, 1.59401, -0.446592, 
0.742655, 1.59401, -0.307618, 
-0.175881, 1.57346, 0.263224, 
-0.446592, 1.59401, 0.668372, 
-0.568404, 1.59401, 0.568404, 
0.292479, 1.57346, -0.121149, 
0.742655, 1.59401, -0.307618, 
0.788399, 1.59401, -0.156822, 
-0.223854, 1.57346, 0.223854, 
-0.568404, 1.59401, 0.568404, 
-0.668372, 1.59401, 0.446592, 
0.310494, 1.57346, -0.061761, 
0.788399, 1.59401, -0.156822, 
0.803844, 1.59401, -0, 
-0.292479, 1.57346, 0.121149, 
-0.263225, 1.57346, 0.175881, 
-0.668372, 1.59401, 0.446592, 
0.316577, 1.57346, -0, 
0.803844, 1.59401, -0, 
0.788399, 1.59401, 0.156822, 
-0.310494, 1.57346, 0.061761, 
-0.292479, 1.57346, 0.121149, 
-0.742655, 1.59401, 0.307618, 
0.310494, 1.57346, 0.061761, 
0.788399, 1.59401, 0.156822, 
0.742655, 1.59401, 0.307618, 
-0.310494, 1.57346, 0.061761, 
-0.788399, 1.59401, 0.156822, 
-0.803844, 1.59401, -0, 
0.263225, 1.57346, 0.175881, 
0.292479, 1.57346, 0.121149, 
0.742655, 1.59401, 0.307618, 
-0.307618, 1.98664, -0.742655, 
-0.196423, 2.28391, -0.474207, 
-0.100136, 2.28391, -0.503416, 
0.307618, 1.59401, 0.742655, 
0.307618, 1.98664, 0.742655, 
0.156822, 1.98664, 0.788399, 
0.156822, 1.59401, -0.788399, 
0.156822, 1.98664, -0.788399, 
0.307618, 1.98664, -0.742655, 
-0.568404, 1.59401, -0.568404, 
-0.568404, 1.98664, -0.568404, 
-0.446592, 1.98664, -0.668372, 
0.156822, 1.59401, 0.788399, 
0.156822, 1.98664, 0.788399, 
-0, 1.98664, 0.803844, 
0.307618, 1.59401, -0.742655, 
0.307618, 1.98664, -0.742655, 
0.446592, 1.98664, -0.668372, 
-0.446592, 1.59401, -0.668372, 
-0.446592, 1.98664, -0.668372, 
-0.307618, 1.98664, -0.742655, 
0, 1.59401, 0.803844, 
-0, 1.98664, 0.803844, 
-0.156822, 1.98664, 0.788399, 
0.446592, 1.59401, -0.668372, 
0.446592, 1.98664, -0.668372, 
0.568404, 1.98664, -0.568404, 
-0.307618, 1.59401, -0.742655, 
-0.307618, 1.98664, -0.742655, 
-0.156822, 1.98664, -0.788399, 
-0.156822, 1.59401, 0.788399, 
-0.156822, 1.98664, 0.788399, 
-0.307618, 1.98664, 0.742655, 
0.568404, 1.59401, -0.568404, 
0.568404, 1.98664, -0.568404, 
0.668372, 1.98664, -0.446592, 
0, 1.59401, -0.803844, 
-0.156822, 1.59401, -0.788399, 
-0.156822, 1.98664, -0.788399, 
-0.307618, 1.59401, 0.742655, 
-0.307618, 1.98664, 0.742655, 
-0.446592, 1.98664, 0.668372, 
0.668372, 1.59401, -0.446592, 
0.668372, 1.98664, -0.446592, 
0.742655, 1.98664, -0.307618, 
-0.446592, 1.59401, 0.668372, 
-0.446592, 1.98664, 0.668372, 
-0.568404, 1.98664, 0.568404, 
0.742655, 1.59401, -0.307618, 
0.742655, 1.98664, -0.307618, 
0.788399, 1.98664, -0.156822, 
-0.568404, 1.59401, 0.568404, 
-0.568404, 1.98664, 0.568404, 
-0.668372, 1.98664, 0.446592, 
0.788399, 1.59401, -0.156822, 
0.788399, 1.98664, -0.156822, 
0.803844, 1.98664, -0, 
-0.668372, 1.59401, 0.446592, 
-0.668372, 1.98664, 0.446592, 
-0.742655, 1.98664, 0.307618, 
0.803844, 1.59401, -0, 
0.803844, 1.98664, -0, 
0.788399, 1.98664, 0.156822, 
-0.742655, 1.59401, 0.307618, 
-0.742655, 1.98664, 0.307618, 
-0.788399, 1.98664, 0.156822, 
0.788399, 1.59401, 0.156822, 
0.788399, 1.98664, 0.156822, 
0.742655, 1.98664, 0.307618, 
-0.788399, 1.59401, 0.156822, 
-0.788399, 1.98664, 0.156822, 
-0.803844, 1.98664, -0, 
0.742655, 1.59401, 0.307618, 
0.742655, 1.98664, 0.307618, 
0.668372, 1.98664, 0.446592, 
-0.803844, 1.59401, -0, 
-0.803844, 1.98664, -0, 
-0.788399, 1.98664, -0.156822, 
0.668372, 1.59401, 0.446592, 
0.668372, 1.98664, 0.446592, 
0.568404, 1.98664, 0.568404, 
-0.788399, 1.59401, -0.156822, 
-0.788399, 1.98664, -0.156822, 
-0.742655, 1.98664, -0.307618, 
0.568404, 1.59401, 0.568404, 
0.568404, 1.98664, 0.568404, 
0.446592, 1.98664, 0.668372, 
-0.742655, 1.59401, -0.307618, 
-0.742655, 1.98664, -0.307618, 
-0.668372, 1.98664, -0.446592, 
0.446592, 1.59401, 0.668372, 
0.446592, 1.98664, 0.668372, 
0.307618, 1.98664, 0.742655, 
0, 1.59401, -0.803844, 
-0, 1.98664, -0.803844, 
0.156822, 1.98664, -0.788399, 
-0.362942, 2.28391, 0.362942, 
-0.1905, 2.40113, 0.1905, 
-0.224004, 2.40113, 0.149675, 
-0.156822, 1.98664, 0.788399, 
-0.100136, 2.28391, 0.503416, 
-0.196423, 2.28391, 0.474207, 
0.568404, 1.98664, -0.568404, 
0.362942, 2.28391, -0.362942, 
0.426775, 2.28391, -0.285162, 
-0.156822, 1.98664, -0.788399, 
-0.100136, 2.28391, -0.503416, 
0, 2.28391, -0.513278, 
-0.307618, 1.98664, 0.742655, 
-0.196423, 2.28391, 0.474207, 
-0.285162, 2.28391, 0.426775, 
0.668372, 1.98664, -0.446592, 
0.426775, 2.28391, -0.285162, 
0.474207, 2.28391, -0.196423, 
-0.446592, 1.98664, 0.668372, 
-0.285162, 2.28391, 0.426775, 
-0.362942, 2.28391, 0.362942, 
0.742655, 1.98664, -0.307618, 
0.474207, 2.28391, -0.196423, 
0.503416, 2.28391, -0.100136, 
-0.568404, 1.98664, 0.568404, 
-0.362942, 2.28391, 0.362942, 
-0.426775, 2.28391, 0.285162, 
0.788399, 1.98664, -0.156822, 
0.503416, 2.28391, -0.100136, 
0.513278, 2.28391, -0, 
-0.668372, 1.98664, 0.446592, 
-0.426775, 2.28391, 0.285162, 
-0.474207, 2.28391, 0.196423, 
0.803844, 1.98664, -0, 
0.513278, 2.28391, -0, 
0.503416, 2.28391, 0.100136, 
-0.742655, 1.98664, 0.307618, 
-0.474207, 2.28391, 0.196423, 
-0.503416, 2.28391, 0.100136, 
0.788399, 1.98664, 0.156822, 
0.503416, 2.28391, 0.100136, 
0.474207, 2.28391, 0.196423, 
-0.788399, 1.98664, 0.156822, 
-0.503416, 2.28391, 0.100136, 
-0.513278, 2.28391, -0, 
0.742655, 1.98664, 0.307618, 
0.474207, 2.28391, 0.196423, 
0.426775, 2.28391, 0.285162, 
-0.803844, 1.98664, -0, 
-0.513278, 2.28391, -0, 
-0.503416, 2.28391, -0.100136, 
0.568404, 1.98664, 0.568404, 
0.668372, 1.98664, 0.446592, 
0.426775, 2.28391, 0.285162, 
-0.788399, 1.98664, -0.156822, 
-0.503416, 2.28391, -0.100136, 
-0.474207, 2.28391, -0.196423, 
0.568404, 1.98664, 0.568404, 
0.362942, 2.28391, 0.362942, 
0.285162, 2.28391, 0.426775, 
-0.742655, 1.98664, -0.307618, 
-0.474207, 2.28391, -0.196423, 
-0.426775, 2.28391, -0.285162, 
0.446592, 1.98664, 0.668372, 
0.285162, 2.28391, 0.426775, 
0.196423, 2.28391, 0.474207, 
-0, 1.98664, -0.803844, 
0, 2.28391, -0.513278, 
0.100136, 2.28391, -0.503416, 
-0.668372, 1.98664, -0.446592, 
-0.426775, 2.28391, -0.285162, 
-0.362942, 2.28391, -0.362942, 
0.307618, 1.98664, 0.742655, 
0.196423, 2.28391, 0.474207, 
0.100136, 2.28391, 0.503416, 
0.156822, 1.98664, -0.788399, 
0.100136, 2.28391, -0.503416, 
0.196423, 2.28391, -0.474207, 
-0.568404, 1.98664, -0.568404, 
-0.362942, 2.28391, -0.362942, 
-0.285162, 2.28391, -0.426775, 
0.156822, 1.98664, 0.788399, 
0.100136, 2.28391, 0.503416, 
0, 2.28391, 0.513278, 
0.307618, 1.98664, -0.742655, 
0.196423, 2.28391, -0.474207, 
0.285162, 2.28391, -0.426775, 
-0.446592, 1.98664, -0.668372, 
-0.285162, 2.28391, -0.426775, 
-0.196423, 2.28391, -0.474207, 
-0, 1.98664, 0.803844, 
0, 2.28391, 0.513278, 
-0.100136, 2.28391, 0.503416, 
0.446592, 1.98664, -0.668372, 
0.285162, 2.28391, -0.426775, 
0.362942, 2.28391, -0.362942, 
0.103098, 2.40113, -0.2489, 
0.052559, 2.40113, -0.264231, 
0, 2.40113, -0.269407, 
0, 2.40113, -0.269407, 
-0.052559, 2.40113, -0.264231, 
-0.103098, 2.40113, -0.2489, 
-0.103098, 2.40113, -0.2489, 
-0.149675, 2.40113, -0.224004, 
-0.1905, 2.40113, -0.1905, 
-0.1905, 2.40113, -0.1905, 
-0.224004, 2.40113, -0.149675, 
-0.2489, 2.40113, -0.103098, 
-0.2489, 2.40113, -0.103098, 
-0.264231, 2.40113, -0.052559, 
-0.269407, 2.40113, -0, 
-0.269407, 2.40113, -0, 
-0.264231, 2.40113, 0.052559, 
-0.2489, 2.40113, 0.103098, 
-0.2489, 2.40113, 0.103098, 
-0.224004, 2.40113, 0.149675, 
-0.1905, 2.40113, 0.1905, 
-0.1905, 2.40113, 0.1905, 
-0.149675, 2.40113, 0.224004, 
-0.103098, 2.40113, 0.2489, 
-0.103098, 2.40113, 0.2489, 
-0.052559, 2.40113, 0.264231, 
0, 2.40113, 0.269407, 
0, 2.40113, 0.269407, 
0.052559, 2.40113, 0.264231, 
0.103098, 2.40113, 0.2489, 
0.103098, 2.40113, 0.2489, 
0.149675, 2.40113, 0.224004, 
0.2489, 2.40113, 0.103098, 
0.149675, 2.40113, 0.224004, 
0.1905, 2.40113, 0.1905, 
0.2489, 2.40113, 0.103098, 
0.1905, 2.40113, 0.1905, 
0.224004, 2.40113, 0.149675, 
0.2489, 2.40113, 0.103098, 
0.2489, 2.40113, 0.103098, 
0.264231, 2.40113, 0.052559, 
0.269407, 2.40113, -0, 
0.269407, 2.40113, -0, 
0.264231, 2.40113, -0.052559, 
0.2489, 2.40113, -0.103098, 
0.2489, 2.40113, -0.103098, 
0.224004, 2.40113, -0.149675, 
0.1905, 2.40113, -0.1905, 
0.1905, 2.40113, -0.1905, 
0.149675, 2.40113, -0.224004, 
0.103098, 2.40113, -0.2489, 
0.103098, 2.40113, -0.2489, 
0, 2.40113, -0.269407, 
-0.103098, 2.40113, -0.2489, 
-0.103098, 2.40113, -0.2489, 
-0.1905, 2.40113, -0.1905, 
0.103098, 2.40113, -0.2489, 
-0.1905, 2.40113, -0.1905, 
-0.2489, 2.40113, -0.103098, 
0.103098, 2.40113, -0.2489, 
-0.2489, 2.40113, -0.103098, 
-0.269407, 2.40113, -0, 
-0.2489, 2.40113, 0.103098, 
-0.2489, 2.40113, 0.103098, 
-0.1905, 2.40113, 0.1905, 
-0.2489, 2.40113, -0.103098, 
-0.1905, 2.40113, 0.1905, 
-0.103098, 2.40113, 0.2489, 
-0.2489, 2.40113, -0.103098, 
-0.103098, 2.40113, 0.2489, 
0, 2.40113, 0.269407, 
0.2489, 2.40113, 0.103098, 
0, 2.40113, 0.269407, 
0.103098, 2.40113, 0.2489, 
0.2489, 2.40113, 0.103098, 
0.2489, 2.40113, 0.103098, 
0.269407, 2.40113, -0, 
0.103098, 2.40113, -0.2489, 
0.269407, 2.40113, -0, 
0.2489, 2.40113, -0.103098, 
0.103098, 2.40113, -0.2489, 
0.2489, 2.40113, -0.103098, 
0.1905, 2.40113, -0.1905, 
0.103098, 2.40113, -0.2489, 
0.103098, 2.40113, -0.2489, 
-0.2489, 2.40113, -0.103098, 
-0.103098, 2.40113, 0.2489, 
0.503416, 2.28391, -0.100136, 
0.264231, 2.40113, -0.052559, 
0.269407, 2.40113, -0, 
-0.426775, 2.28391, 0.285162, 
-0.224004, 2.40113, 0.149675, 
-0.2489, 2.40113, 0.103098, 
0.513278, 2.28391, -0, 
0.269407, 2.40113, -0, 
0.264231, 2.40113, 0.052559, 
-0.474207, 2.28391, 0.196423, 
-0.2489, 2.40113, 0.103098, 
-0.264231, 2.40113, 0.052559, 
0.503416, 2.28391, 0.100136, 
0.264231, 2.40113, 0.052559, 
0.2489, 2.40113, 0.103098, 
-0.513278, 2.28391, -0, 
-0.503416, 2.28391, 0.100136, 
-0.264231, 2.40113, 0.052559, 
0.474207, 2.28391, 0.196423, 
0.2489, 2.40113, 0.103098, 
0.224004, 2.40113, 0.149675, 
-0.513278, 2.28391, -0, 
-0.269407, 2.40113, -0, 
-0.264231, 2.40113, -0.052559, 
0.362942, 2.28391, 0.362942, 
0.426775, 2.28391, 0.285162, 
0.224004, 2.40113, 0.149675, 
-0.474207, 2.28391, -0.196423, 
-0.503416, 2.28391, -0.100136, 
-0.264231, 2.40113, -0.052559, 
0.362942, 2.28391, 0.362942, 
0.1905, 2.40113, 0.1905, 
0.149675, 2.40113, 0.224004, 
-0.474207, 2.28391, -0.196423, 
-0.2489, 2.40113, -0.103098, 
-0.224004, 2.40113, -0.149675, 
0.285162, 2.28391, 0.426775, 
0.149675, 2.40113, 0.224004, 
0.103098, 2.40113, 0.2489, 
0, 2.28391, -0.513278, 
0, 2.40113, -0.269407, 
0.052559, 2.40113, -0.264231, 
-0.362942, 2.28391, -0.362942, 
-0.426775, 2.28391, -0.285162, 
-0.224004, 2.40113, -0.149675, 
0.196423, 2.28391, 0.474207, 
0.103098, 2.40113, 0.2489, 
0.052559, 2.40113, 0.264231, 
0.196423, 2.28391, -0.474207, 
0.100136, 2.28391, -0.503416, 
0.052559, 2.40113, -0.264231, 
-0.362942, 2.28391, -0.362942, 
-0.1905, 2.40113, -0.1905, 
-0.149675, 2.40113, -0.224004, 
0.100136, 2.28391, 0.503416, 
0.052559, 2.40113, 0.264231, 
0, 2.40113, 0.269407, 
0.196423, 2.28391, -0.474207, 
0.103098, 2.40113, -0.2489, 
0.149675, 2.40113, -0.224004, 
-0.285162, 2.28391, -0.426775, 
-0.149675, 2.40113, -0.224004, 
-0.103098, 2.40113, -0.2489, 
-0.100136, 2.28391, 0.503416, 
0, 2.28391, 0.513278, 
0, 2.40113, 0.269407, 
0.285162, 2.28391, -0.426775, 
0.149675, 2.40113, -0.224004, 
0.1905, 2.40113, -0.1905, 
-0.196423, 2.28391, -0.474207, 
-0.103098, 2.40113, -0.2489, 
-0.052559, 2.40113, -0.264231, 
-0.196423, 2.28391, 0.474207, 
-0.100136, 2.28391, 0.503416, 
-0.052559, 2.40113, 0.264231, 
0.362942, 2.28391, -0.362942, 
0.1905, 2.40113, -0.1905, 
0.224004, 2.40113, -0.149675, 
-0.100136, 2.28391, -0.503416, 
-0.052559, 2.40113, -0.264231, 
0, 2.40113, -0.269407, 
-0.196423, 2.28391, 0.474207, 
-0.103098, 2.40113, 0.2489, 
-0.149675, 2.40113, 0.224004, 
0.474207, 2.28391, -0.196423, 
0.426775, 2.28391, -0.285162, 
0.224004, 2.40113, -0.149675, 
-0.285162, 2.28391, 0.426775, 
-0.149675, 2.40113, 0.224004, 
-0.1905, 2.40113, 0.1905, 
0.474207, 2.28391, -0.196423, 
0.2489, 2.40113, -0.103098, 
0.264231, 2.40113, -0.052559, 
]);
var pawnn = new Float32Array([
-0.098, 0, 0.9952, 
-0.098, 0, 0.9952, 
-0.098, 0, 0.9952, 
-0.2903, 0, 0.9569, 
-0.2903, 0, 0.9569, 
-0.2903, 0, 0.9569, 
-0.4714, 0, 0.8819, 
-0.4714, 0, 0.8819, 
-0.4714, 0, 0.8819, 
-0.6344, 0, 0.773, 
-0.6344, 0, 0.773, 
-0.6344, 0, 0.773, 
-0.773, 0, 0.6344, 
-0.773, 0, 0.6344, 
-0.773, 0, 0.6344, 
-0.8819, 0, 0.4714, 
-0.8819, 0, 0.4714, 
-0.8819, 0, 0.4714, 
-0.9569, 0, 0.2903, 
-0.9569, 0, 0.2903, 
-0.9569, 0, 0.2903, 
-0.9952, 0, 0.098, 
-0.9952, 0, 0.098, 
-0.9952, 0, 0.098, 
-0.9952, 0, -0.098, 
-0.9952, 0, -0.098, 
-0.9952, 0, -0.098, 
-0.9569, 0, -0.2903, 
-0.9569, 0, -0.2903, 
-0.9569, 0, -0.2903, 
-0.8819, 0, -0.4714, 
-0.8819, 0, -0.4714, 
-0.8819, 0, -0.4714, 
-0.773, 0, -0.6344, 
-0.773, 0, -0.6344, 
-0.773, 0, -0.6344, 
-0.6344, 0, -0.773, 
-0.6344, 0, -0.773, 
-0.6344, 0, -0.773, 
-0.4714, 0, -0.8819, 
-0.4714, 0, -0.8819, 
-0.4714, 0, -0.8819, 
-0.2903, 0, -0.9569, 
-0.2903, 0, -0.9569, 
-0.2903, 0, -0.9569, 
-0.098, 0, -0.9952, 
-0.098, 0, -0.9952, 
-0.098, 0, -0.9952, 
0.098, 0, -0.9952, 
0.098, 0, -0.9952, 
0.098, 0, -0.9952, 
0.2903, 0, -0.9569, 
0.2903, 0, -0.9569, 
0.2903, 0, -0.9569, 
0.4714, 0, -0.8819, 
0.4714, 0, -0.8819, 
0.4714, 0, -0.8819, 
0.6344, 0, -0.773, 
0.6344, 0, -0.773, 
0.6344, 0, -0.773, 
0.773, 0, -0.6344, 
0.773, 0, -0.6344, 
0.773, 0, -0.6344, 
0.8819, 0, -0.4714, 
0.8819, 0, -0.4714, 
0.8819, 0, -0.4714, 
0.9569, 0, -0.2903, 
0.9569, 0, -0.2903, 
0.9569, 0, -0.2903, 
0.9952, 0, -0.098, 
0.9952, 0, -0.098, 
0.9952, 0, -0.098, 
0.9952, 0, 0.098, 
0.9952, 0, 0.098, 
0.9952, 0, 0.098, 
0.9569, 0, 0.2903, 
0.9569, 0, 0.2903, 
0.9569, 0, 0.2903, 
0.8819, 0, 0.4714, 
0.8819, 0, 0.4714, 
0.8819, 0, 0.4714, 
0.773, 0, 0.6344, 
0.773, 0, 0.6344, 
0.773, 0, 0.6344, 
0.6344, 0, 0.773, 
0.6344, 0, 0.773, 
0.6344, 0, 0.773, 
0.4714, 0, 0.8819, 
0.4714, 0, 0.8819, 
0.4714, 0, 0.8819, 
0.2903, 0, 0.9569, 
0.2903, 0, 0.9569, 
0.2903, 0, 0.9569, 
0.098, 0, 0.9952, 
0.098, 0, 0.9952, 
0.098, 0, 0.9952, 
0.098, 0, -0.9952, 
0.098, 0, -0.9952, 
0.098, 0, -0.9952, 
0.2903, 0, -0.9569, 
0.2903, 0, -0.9569, 
0.2903, 0, -0.9569, 
0.4714, 0, -0.8819, 
0.4714, 0, -0.8819, 
0.4714, 0, -0.8819, 
0.6344, 0, -0.773, 
0.6344, 0, -0.773, 
0.6344, 0, -0.773, 
0.773, 0, -0.6344, 
0.773, 0, -0.6344, 
0.773, 0, -0.6344, 
0.8819, 0, -0.4714, 
0.8819, 0, -0.4714, 
0.8819, 0, -0.4714, 
0.9569, 0, -0.2903, 
0.9569, 0, -0.2903, 
0.9569, 0, -0.2903, 
0.9952, 0, -0.098, 
0.9952, 0, -0.098, 
0.9952, 0, -0.098, 
0.9952, 0, 0.098, 
0.9952, 0, 0.098, 
0.9952, 0, 0.098, 
0.9569, 0, 0.2903, 
0.9569, 0, 0.2903, 
0.9569, 0, 0.2903, 
0.8819, 0, 0.4714, 
0.8819, 0, 0.4714, 
0.8819, 0, 0.4714, 
0.773, 0, 0.6344, 
0.773, 0, 0.6344, 
0.773, 0, 0.6344, 
0.6344, 0, 0.773, 
0.6344, 0, 0.773, 
0.6344, 0, 0.773, 
0.4714, 0, 0.8819, 
0.4714, 0, 0.8819, 
0.4714, 0, 0.8819, 
0.2903, 0, 0.9569, 
0.2903, 0, 0.9569, 
0.2903, 0, 0.9569, 
0.098, 0, 0.9952, 
0.098, 0, 0.9952, 
0.098, 0, 0.9952, 
-0.098, 0, 0.9952, 
-0.098, 0, 0.9952, 
-0.098, 0, 0.9952, 
-0.2903, 0, 0.9569, 
-0.2903, 0, 0.9569, 
-0.2903, 0, 0.9569, 
-0.4714, 0, 0.8819, 
-0.4714, 0, 0.8819, 
-0.4714, 0, 0.8819, 
-0.6344, 0, 0.773, 
-0.6344, 0, 0.773, 
-0.6344, 0, 0.773, 
-0.773, 0, 0.6344, 
-0.773, 0, 0.6344, 
-0.773, 0, 0.6344, 
-0.8819, 0, 0.4714, 
-0.8819, 0, 0.4714, 
-0.8819, 0, 0.4714, 
-0.9569, 0, 0.2903, 
-0.9569, 0, 0.2903, 
-0.9569, 0, 0.2903, 
-0.9952, 0, 0.098, 
-0.9952, 0, 0.098, 
-0.9952, 0, 0.098, 
-0.9952, 0, -0.098, 
-0.9952, 0, -0.098, 
-0.9952, 0, -0.098, 
-0.9569, 0, -0.2903, 
-0.9569, 0, -0.2903, 
-0.9569, 0, -0.2903, 
-0.8819, 0, -0.4714, 
-0.8819, 0, -0.4714, 
-0.8819, 0, -0.4714, 
-0.773, 0, -0.6344, 
-0.773, 0, -0.6344, 
-0.773, 0, -0.6344, 
-0.6344, 0, -0.773, 
-0.6344, 0, -0.773, 
-0.6344, 0, -0.773, 
-0.4714, 0, -0.8819, 
-0.4714, 0, -0.8819, 
-0.4714, 0, -0.8819, 
-0.2511, 0.5015, 0.8279, 
-0.2511, 0.5015, 0.8279, 
-0.2511, 0.5015, 0.8279, 
-0.2903, 0, -0.9569, 
-0.2903, 0, -0.9569, 
-0.2903, 0, -0.9569, 
-0.098, 0, -0.9952, 
-0.098, 0, -0.9952, 
-0.098, 0, -0.9952, 
-0.0421, -0.9991, -0.0042, 
-0.0421, -0.9991, -0.0042, 
-0.0421, -0.9991, -0.0042, 
-0.763, 0.5015, -0.4078, 
-0.763, 0.5015, -0.4078, 
-0.763, 0.5015, -0.4078, 
0.6688, 0.5015, -0.5489, 
0.6688, 0.5015, -0.5489, 
0.6688, 0.5015, -0.5489, 
0.4078, 0.5015, 0.763, 
0.4078, 0.5015, 0.763, 
0.4078, 0.5015, 0.763, 
-0.8279, 0.5015, 0.2511, 
-0.8279, 0.5015, 0.2511, 
-0.8279, 0.5015, 0.2511, 
0.0848, 0.5015, -0.861, 
0.0848, 0.5015, -0.861, 
0.0848, 0.5015, -0.861, 
-0.0848, 0.5015, -0.861, 
-0.0848, 0.5015, -0.861, 
-0.0848, 0.5015, -0.861, 
0.8279, 0.5015, 0.2511, 
0.8279, 0.5015, 0.2511, 
0.8279, 0.5015, 0.2511, 
-0.4078, 0.5015, 0.763, 
-0.4078, 0.5015, 0.763, 
-0.4078, 0.5015, 0.763, 
-0.6688, 0.5015, -0.5489, 
-0.6688, 0.5015, -0.5489, 
-0.6688, 0.5015, -0.5489, 
0.763, 0.5015, -0.4078, 
0.763, 0.5015, -0.4078, 
0.763, 0.5015, -0.4078, 
0.2511, 0.5015, 0.8279, 
0.2511, 0.5015, 0.8279, 
0.2511, 0.5015, 0.8279, 
-0.861, 0.5015, 0.0848, 
-0.861, 0.5015, 0.0848, 
-0.861, 0.5015, 0.0848, 
0.2511, 0.5015, -0.8279, 
0.2511, 0.5015, -0.8279, 
0.2511, 0.5015, -0.8279, 
0.763, 0.5015, 0.4078, 
0.763, 0.5015, 0.4078, 
0.763, 0.5015, 0.4078, 
-0.5489, 0.5015, 0.6688, 
-0.5489, 0.5015, 0.6688, 
-0.5489, 0.5015, 0.6688, 
-0.5489, 0.5015, -0.6688, 
-0.5489, 0.5015, -0.6688, 
-0.5489, 0.5015, -0.6688, 
0.8279, 0.5015, -0.2511, 
0.8279, 0.5015, -0.2511, 
0.8279, 0.5015, -0.2511, 
0.0848, 0.5015, 0.861, 
0.0848, 0.5015, 0.861, 
0.0848, 0.5015, 0.861, 
-0.861, 0.5015, -0.0848, 
-0.861, 0.5015, -0.0848, 
-0.861, 0.5015, -0.0848, 
0.4078, 0.5015, -0.763, 
0.4078, 0.5015, -0.763, 
0.4078, 0.5015, -0.763, 
0.6688, 0.5015, 0.5489, 
0.6688, 0.5015, 0.5489, 
0.6688, 0.5015, 0.5489, 
-0.6688, 0.5015, 0.5489, 
-0.6688, 0.5015, 0.5489, 
-0.6688, 0.5015, 0.5489, 
-0.4078, 0.5015, -0.763, 
-0.4078, 0.5015, -0.763, 
-0.4078, 0.5015, -0.763, 
0.861, 0.5015, -0.0848, 
0.861, 0.5015, -0.0848, 
0.861, 0.5015, -0.0848, 
-0.0848, 0.5015, 0.861, 
-0.0848, 0.5015, 0.861, 
-0.0848, 0.5015, 0.861, 
-0.8279, 0.5015, -0.2511, 
-0.8279, 0.5015, -0.2511, 
-0.8279, 0.5015, -0.2511, 
0.5489, 0.5015, -0.6688, 
0.5489, 0.5015, -0.6688, 
0.5489, 0.5015, -0.6688, 
0.5489, 0.5015, 0.6688, 
0.5489, 0.5015, 0.6688, 
0.5489, 0.5015, 0.6688, 
-0.763, 0.5015, 0.4078, 
-0.763, 0.5015, 0.4078, 
-0.763, 0.5015, 0.4078, 
-0.2511, 0.5015, -0.8279, 
-0.2511, 0.5015, -0.8279, 
-0.2511, 0.5015, -0.8279, 
0.861, 0.5015, 0.0848, 
0.861, 0.5015, 0.0848, 
0.861, 0.5015, 0.0848, 
-0.773, 0, -0.6344, 
-0.773, 0, -0.6344, 
-0.773, 0, -0.6344, 
0.0327, -0.9991, 0.0269, 
0.0327, -0.9991, 0.0269, 
0.0327, -0.9991, 0.0269, 
-0.0405, -0.9991, -0.0123, 
-0.0405, -0.9991, -0.0123, 
-0.0405, -0.9991, -0.0123, 
0.0269, -0.9991, 0.0327, 
0.0269, -0.9991, 0.0327, 
0.0269, -0.9991, 0.0327, 
-0.0374, -0.9991, -0.02, 
-0.0374, -0.9991, -0.02, 
-0.0374, -0.9991, -0.02, 
0.02, -0.9991, 0.0374, 
0.02, -0.9991, 0.0374, 
0.02, -0.9991, 0.0374, 
0.0042, -0.9991, -0.0421, 
0.0042, -0.9991, -0.0421, 
0.0042, -0.9991, -0.0421, 
-0.0327, -0.9991, -0.0269, 
-0.0327, -0.9991, -0.0269, 
-0.0327, -0.9991, -0.0269, 
0.0123, -0.9991, 0.0405, 
0.0123, -0.9991, 0.0405, 
0.0123, -0.9991, 0.0405, 
0.0123, -0.9991, -0.0405, 
0.0123, -0.9991, -0.0405, 
0.0123, -0.9991, -0.0405, 
-0.0269, -0.9991, -0.0327, 
-0.0269, -0.9991, -0.0327, 
-0.0269, -0.9991, -0.0327, 
0.0042, -0.9991, 0.0421, 
0.0042, -0.9991, 0.0421, 
0.0042, -0.9991, 0.0421, 
0.02, -0.9991, -0.0374, 
0.02, -0.9991, -0.0374, 
0.02, -0.9991, -0.0374, 
-0.02, -0.9991, -0.0374, 
-0.02, -0.9991, -0.0374, 
-0.02, -0.9991, -0.0374, 
-0.0042, -0.9991, 0.0421, 
-0.0042, -0.9991, 0.0421, 
-0.0042, -0.9991, 0.0421, 
0.0269, -0.9991, -0.0327, 
0.0269, -0.9991, -0.0327, 
0.0269, -0.9991, -0.0327, 
-0.0123, -0.9991, -0.0405, 
-0.0123, -0.9991, -0.0405, 
-0.0123, -0.9991, -0.0405, 
-0.0123, -0.9991, 0.0405, 
-0.0123, -0.9991, 0.0405, 
-0.0123, -0.9991, 0.0405, 
0.0327, -0.9991, -0.0269, 
0.0327, -0.9991, -0.0269, 
0.0327, -0.9991, -0.0269, 
-0.0042, -0.9991, -0.0421, 
-0.0042, -0.9991, -0.0421, 
-0.0042, -0.9991, -0.0421, 
-0.02, -0.9991, 0.0374, 
-0.02, -0.9991, 0.0374, 
-0.02, -0.9991, 0.0374, 
0.0374, -0.9991, -0.02, 
0.0374, -0.9991, -0.02, 
0.0374, -0.9991, -0.02, 
-0.0269, -0.9991, 0.0327, 
-0.0269, -0.9991, 0.0327, 
-0.0269, -0.9991, 0.0327, 
0.0405, -0.9991, -0.0123, 
0.0405, -0.9991, -0.0123, 
0.0405, -0.9991, -0.0123, 
-0.0327, -0.9991, 0.0269, 
-0.0327, -0.9991, 0.0269, 
-0.0327, -0.9991, 0.0269, 
0.0421, -0.9991, -0.0041, 
0.0421, -0.9991, -0.0041, 
0.0421, -0.9991, -0.0041, 
-0.0374, -0.9991, 0.02, 
-0.0374, -0.9991, 0.02, 
-0.0374, -0.9991, 0.02, 
0.0421, -0.9991, 0.0042, 
0.0421, -0.9991, 0.0042, 
0.0421, -0.9991, 0.0042, 
-0.0405, -0.9991, 0.0123, 
-0.0405, -0.9991, 0.0123, 
-0.0405, -0.9991, 0.0123, 
0.0405, -0.9991, 0.0123, 
0.0405, -0.9991, 0.0123, 
0.0405, -0.9991, 0.0123, 
-0.0421, -0.9991, 0.0041, 
-0.0421, -0.9991, 0.0041, 
-0.0421, -0.9991, 0.0041, 
0.0374, -0.9991, 0.02, 
0.0374, -0.9991, 0.02, 
0.0374, -0.9991, 0.02, 
-0.2081, 0.6973, -0.6859, 
-0.2081, 0.6973, -0.6859, 
-0.2081, 0.6973, -0.6859, 
0.2903, 0, 0.9569, 
0.2903, 0, 0.9569, 
0.2903, 0, 0.9569, 
0.2903, 0, -0.9569, 
0.2903, 0, -0.9569, 
0.2903, 0, -0.9569, 
-0.6344, 0, -0.773, 
-0.6344, 0, -0.773, 
-0.6344, 0, -0.773, 
0.098, 0, 0.9952, 
0.098, 0, 0.9952, 
0.098, 0, 0.9952, 
0.4714, 0, -0.8819, 
0.4714, 0, -0.8819, 
0.4714, 0, -0.8819, 
-0.4714, 0, -0.8819, 
-0.4714, 0, -0.8819, 
-0.4714, 0, -0.8819, 
-0.098, 0, 0.9952, 
-0.098, 0, 0.9952, 
-0.098, 0, 0.9952, 
0.6344, 0, -0.773, 
0.6344, 0, -0.773, 
0.6344, 0, -0.773, 
-0.2903, 0, -0.9569, 
-0.2903, 0, -0.9569, 
-0.2903, 0, -0.9569, 
-0.2903, 0, 0.9569, 
-0.2903, 0, 0.9569, 
-0.2903, 0, 0.9569, 
0.773, 0, -0.6344, 
0.773, 0, -0.6344, 
0.773, 0, -0.6344, 
-0.098, 0, -0.9952, 
-0.098, 0, -0.9952, 
-0.098, 0, -0.9952, 
-0.4714, 0, 0.8819, 
-0.4714, 0, 0.8819, 
-0.4714, 0, 0.8819, 
0.8819, 0, -0.4714, 
0.8819, 0, -0.4714, 
0.8819, 0, -0.4714, 
-0.6344, 0, 0.773, 
-0.6344, 0, 0.773, 
-0.6344, 0, 0.773, 
0.9569, 0, -0.2903, 
0.9569, 0, -0.2903, 
0.9569, 0, -0.2903, 
-0.773, 0, 0.6344, 
-0.773, 0, 0.6344, 
-0.773, 0, 0.6344, 
0.9952, 0, -0.098, 
0.9952, 0, -0.098, 
0.9952, 0, -0.098, 
-0.8819, 0, 0.4714, 
-0.8819, 0, 0.4714, 
-0.8819, 0, 0.4714, 
0.9952, 0, 0.098, 
0.9952, 0, 0.098, 
0.9952, 0, 0.098, 
-0.9569, 0, 0.2903, 
-0.9569, 0, 0.2903, 
-0.9569, 0, 0.2903, 
0.9569, 0, 0.2903, 
0.9569, 0, 0.2903, 
0.9569, 0, 0.2903, 
-0.9952, 0, 0.098, 
-0.9952, 0, 0.098, 
-0.9952, 0, 0.098, 
0.8819, 0, 0.4714, 
0.8819, 0, 0.4714, 
0.8819, 0, 0.4714, 
-0.9952, 0, -0.098, 
-0.9952, 0, -0.098, 
-0.9952, 0, -0.098, 
0.773, 0, 0.6344, 
0.773, 0, 0.6344, 
0.773, 0, 0.6344, 
-0.9569, 0, -0.2903, 
-0.9569, 0, -0.2903, 
-0.9569, 0, -0.2903, 
0.6344, 0, 0.773, 
0.6344, 0, 0.773, 
0.6344, 0, 0.773, 
-0.8819, 0, -0.4714, 
-0.8819, 0, -0.4714, 
-0.8819, 0, -0.4714, 
0.4714, 0, 0.8819, 
0.4714, 0, 0.8819, 
0.4714, 0, 0.8819, 
0.098, 0, -0.9952, 
0.098, 0, -0.9952, 
0.098, 0, -0.9952, 
-0.3362, 0.9005, 0.2759, 
-0.3362, 0.9005, 0.2759, 
-0.3362, 0.9005, 0.2759, 
-0.2081, 0.6973, 0.6859, 
-0.2081, 0.6973, 0.6859, 
-0.2081, 0.6973, 0.6859, 
0.5541, 0.6973, -0.4547, 
0.5541, 0.6973, -0.4547, 
0.5541, 0.6973, -0.4547, 
-0.0703, 0.6973, -0.7133, 
-0.0703, 0.6973, -0.7133, 
-0.0703, 0.6973, -0.7133, 
-0.3379, 0.6973, 0.6322, 
-0.3379, 0.6973, 0.6322, 
-0.3379, 0.6973, 0.6322, 
0.6322, 0.6973, -0.3379, 
0.6322, 0.6973, -0.3379, 
0.6322, 0.6973, -0.3379, 
-0.4547, 0.6973, 0.5541, 
-0.4547, 0.6973, 0.5541, 
-0.4547, 0.6973, 0.5541, 
0.6859, 0.6973, -0.2081, 
0.6859, 0.6973, -0.2081, 
0.6859, 0.6973, -0.2081, 
-0.5541, 0.6973, 0.4547, 
-0.5541, 0.6973, 0.4547, 
-0.5541, 0.6973, 0.4547, 
0.7133, 0.6973, -0.0703, 
0.7133, 0.6973, -0.0703, 
0.7133, 0.6973, -0.0703, 
-0.6322, 0.6973, 0.3379, 
-0.6322, 0.6973, 0.3379, 
-0.6322, 0.6973, 0.3379, 
0.7133, 0.6973, 0.0703, 
0.7133, 0.6973, 0.0703, 
0.7133, 0.6973, 0.0703, 
-0.6859, 0.6973, 0.2081, 
-0.6859, 0.6973, 0.2081, 
-0.6859, 0.6973, 0.2081, 
0.6859, 0.6973, 0.2081, 
0.6859, 0.6973, 0.2081, 
0.6859, 0.6973, 0.2081, 
-0.7133, 0.6973, 0.0703, 
-0.7133, 0.6973, 0.0703, 
-0.7133, 0.6973, 0.0703, 
0.6322, 0.6973, 0.3379, 
0.6322, 0.6973, 0.3379, 
0.6322, 0.6973, 0.3379, 
-0.7133, 0.6973, -0.0703, 
-0.7133, 0.6973, -0.0703, 
-0.7133, 0.6973, -0.0703, 
0.5541, 0.6973, 0.4547, 
0.5541, 0.6973, 0.4547, 
0.5541, 0.6973, 0.4547, 
-0.6859, 0.6973, -0.2081, 
-0.6859, 0.6973, -0.2081, 
-0.6859, 0.6973, -0.2081, 
0.4547, 0.6973, 0.5541, 
0.4547, 0.6973, 0.5541, 
0.4547, 0.6973, 0.5541, 
-0.6322, 0.6973, -0.3379, 
-0.6322, 0.6973, -0.3379, 
-0.6322, 0.6973, -0.3379, 
0.3379, 0.6973, 0.6322, 
0.3379, 0.6973, 0.6322, 
0.3379, 0.6973, 0.6322, 
0.0703, 0.6973, -0.7133, 
0.0703, 0.6973, -0.7133, 
0.0703, 0.6973, -0.7133, 
-0.5541, 0.6973, -0.4547, 
-0.5541, 0.6973, -0.4547, 
-0.5541, 0.6973, -0.4547, 
0.2081, 0.6973, 0.6859, 
0.2081, 0.6973, 0.6859, 
0.2081, 0.6973, 0.6859, 
0.2081, 0.6973, -0.6859, 
0.2081, 0.6973, -0.6859, 
0.2081, 0.6973, -0.6859, 
-0.4547, 0.6973, -0.5541, 
-0.4547, 0.6973, -0.5541, 
-0.4547, 0.6973, -0.5541, 
0.0703, 0.6973, 0.7133, 
0.0703, 0.6973, 0.7133, 
0.0703, 0.6973, 0.7133, 
0.3379, 0.6973, -0.6322, 
0.3379, 0.6973, -0.6322, 
0.3379, 0.6973, -0.6322, 
-0.3379, 0.6973, -0.6322, 
-0.3379, 0.6973, -0.6322, 
-0.3379, 0.6973, -0.6322, 
-0.0703, 0.6973, 0.7133, 
-0.0703, 0.6973, 0.7133, 
-0.0703, 0.6973, 0.7133, 
0.4547, 0.6973, -0.5541, 
0.4547, 0.6973, -0.5541, 
0.4547, 0.6973, -0.5541, 
0, 1, -0, 
0, 1, -0, 
0, 1, -0, 
0.4328, 0.9005, -0.0426, 
0.4328, 0.9005, -0.0426, 
0.4328, 0.9005, -0.0426, 
-0.3836, 0.9005, 0.205, 
-0.3836, 0.9005, 0.205, 
-0.3836, 0.9005, 0.205, 
0.4328, 0.9005, 0.0426, 
0.4328, 0.9005, 0.0426, 
0.4328, 0.9005, 0.0426, 
-0.4162, 0.9005, 0.1263, 
-0.4162, 0.9005, 0.1263, 
-0.4162, 0.9005, 0.1263, 
0.4162, 0.9005, 0.1263, 
0.4162, 0.9005, 0.1263, 
0.4162, 0.9005, 0.1263, 
-0.4328, 0.9005, 0.0426, 
-0.4328, 0.9005, 0.0426, 
-0.4328, 0.9005, 0.0426, 
0.3836, 0.9005, 0.205, 
0.3836, 0.9005, 0.205, 
0.3836, 0.9005, 0.205, 
-0.4328, 0.9005, -0.0426, 
-0.4328, 0.9005, -0.0426, 
-0.4328, 0.9005, -0.0426, 
0.3362, 0.9005, 0.2759, 
0.3362, 0.9005, 0.2759, 
0.3362, 0.9005, 0.2759, 
-0.4162, 0.9005, -0.1263, 
-0.4162, 0.9005, -0.1263, 
-0.4162, 0.9005, -0.1263, 
0.2759, 0.9005, 0.3362, 
0.2759, 0.9005, 0.3362, 
0.2759, 0.9005, 0.3362, 
-0.3836, 0.9005, -0.205, 
-0.3836, 0.9005, -0.205, 
-0.3836, 0.9005, -0.205, 
0.205, 0.9005, 0.3836, 
0.205, 0.9005, 0.3836, 
0.205, 0.9005, 0.3836, 
0.0426, 0.9005, -0.4328, 
0.0426, 0.9005, -0.4328, 
0.0426, 0.9005, -0.4328, 
-0.3362, 0.9005, -0.2759, 
-0.3362, 0.9005, -0.2759, 
-0.3362, 0.9005, -0.2759, 
0.1263, 0.9005, 0.4162, 
0.1263, 0.9005, 0.4162, 
0.1263, 0.9005, 0.4162, 
0.1263, 0.9005, -0.4162, 
0.1263, 0.9005, -0.4162, 
0.1263, 0.9005, -0.4162, 
-0.2759, 0.9005, -0.3362, 
-0.2759, 0.9005, -0.3362, 
-0.2759, 0.9005, -0.3362, 
0.0426, 0.9005, 0.4328, 
0.0426, 0.9005, 0.4328, 
0.0426, 0.9005, 0.4328, 
0.205, 0.9005, -0.3836, 
0.205, 0.9005, -0.3836, 
0.205, 0.9005, -0.3836, 
-0.205, 0.9005, -0.3836, 
-0.205, 0.9005, -0.3836, 
-0.205, 0.9005, -0.3836, 
-0.0426, 0.9005, 0.4328, 
-0.0426, 0.9005, 0.4328, 
-0.0426, 0.9005, 0.4328, 
0.2759, 0.9005, -0.3362, 
0.2759, 0.9005, -0.3362, 
0.2759, 0.9005, -0.3362, 
-0.1263, 0.9005, -0.4162, 
-0.1263, 0.9005, -0.4162, 
-0.1263, 0.9005, -0.4162, 
-0.1263, 0.9005, 0.4162, 
-0.1263, 0.9005, 0.4162, 
-0.1263, 0.9005, 0.4162, 
0.3362, 0.9005, -0.2759, 
0.3362, 0.9005, -0.2759, 
0.3362, 0.9005, -0.2759, 
-0.0426, 0.9005, -0.4328, 
-0.0426, 0.9005, -0.4328, 
-0.0426, 0.9005, -0.4328, 
-0.205, 0.9005, 0.3836, 
-0.205, 0.9005, 0.3836, 
-0.205, 0.9005, 0.3836, 
0.3836, 0.9005, -0.205, 
0.3836, 0.9005, -0.205, 
0.3836, 0.9005, -0.205, 
-0.2759, 0.9005, 0.3362, 
-0.2759, 0.9005, 0.3362, 
-0.2759, 0.9005, 0.3362, 
0.4162, 0.9005, -0.1263, 
0.4162, 0.9005, -0.1263, 
0.4162, 0.9005, -0.1263, 
-0.098, 0, 0.9952, 
-0.098, 0, 0.9952, 
-0.098, 0, 0.9952, 
-0.2903, 0, 0.9569, 
-0.2903, 0, 0.9569, 
-0.2903, 0, 0.9569, 
-0.4714, 0, 0.8819, 
-0.4714, 0, 0.8819, 
-0.4714, 0, 0.8819, 
-0.6344, 0, 0.773, 
-0.6344, 0, 0.773, 
-0.6344, 0, 0.773, 
-0.773, 0, 0.6344, 
-0.773, 0, 0.6344, 
-0.773, 0, 0.6344, 
-0.8819, 0, 0.4714, 
-0.8819, 0, 0.4714, 
-0.8819, 0, 0.4714, 
-0.9569, 0, 0.2903, 
-0.9569, 0, 0.2903, 
-0.9569, 0, 0.2903, 
-0.9952, 0, 0.098, 
-0.9952, 0, 0.098, 
-0.9952, 0, 0.098, 
-0.9952, 0, -0.098, 
-0.9952, 0, -0.098, 
-0.9952, 0, -0.098, 
-0.9569, 0, -0.2903, 
-0.9569, 0, -0.2903, 
-0.9569, 0, -0.2903, 
-0.8819, 0, -0.4714, 
-0.8819, 0, -0.4714, 
-0.8819, 0, -0.4714, 
-0.773, 0, -0.6344, 
-0.773, 0, -0.6344, 
-0.773, 0, -0.6344, 
-0.6344, 0, -0.773, 
-0.6344, 0, -0.773, 
-0.6344, 0, -0.773, 
-0.4714, 0, -0.8819, 
-0.4714, 0, -0.8819, 
-0.4714, 0, -0.8819, 
-0.2903, 0, -0.9569, 
-0.2903, 0, -0.9569, 
-0.2903, 0, -0.9569, 
-0.098, 0, -0.9952, 
-0.098, 0, -0.9952, 
-0.098, 0, -0.9952, 
0.098, 0, -0.9952, 
0.098, 0, -0.9952, 
0.098, 0, -0.9952, 
0.2903, 0, -0.9569, 
0.2903, 0, -0.9569, 
0.2903, 0, -0.9569, 
0.4714, 0, -0.8819, 
0.4714, 0, -0.8819, 
0.4714, 0, -0.8819, 
0.6344, 0, -0.773, 
0.6344, 0, -0.773, 
0.6344, 0, -0.773, 
0.773, 0, -0.6344, 
0.773, 0, -0.6344, 
0.773, 0, -0.6344, 
0.8819, 0, -0.4714, 
0.8819, 0, -0.4714, 
0.8819, 0, -0.4714, 
0.9569, 0, -0.2903, 
0.9569, 0, -0.2903, 
0.9569, 0, -0.2903, 
0.9952, 0, -0.098, 
0.9952, 0, -0.098, 
0.9952, 0, -0.098, 
0.9952, 0, 0.098, 
0.9952, 0, 0.098, 
0.9952, 0, 0.098, 
0.9569, 0, 0.2903, 
0.9569, 0, 0.2903, 
0.9569, 0, 0.2903, 
0.8819, 0, 0.4714, 
0.8819, 0, 0.4714, 
0.8819, 0, 0.4714, 
0.773, 0, 0.6344, 
0.773, 0, 0.6344, 
0.773, 0, 0.6344, 
0.6344, 0, 0.773, 
0.6344, 0, 0.773, 
0.6344, 0, 0.773, 
0.4714, 0, 0.8819, 
0.4714, 0, 0.8819, 
0.4714, 0, 0.8819, 
0.2903, 0, 0.9569, 
0.2903, 0, 0.9569, 
0.2903, 0, 0.9569, 
0.098, 0, 0.9952, 
0.098, 0, 0.9952, 
0.098, 0, 0.9952, 
0.098, 0, -0.9952, 
0.098, 0, -0.9952, 
0.098, 0, -0.9952, 
0.2903, 0, -0.9569, 
0.2903, 0, -0.9569, 
0.2903, 0, -0.9569, 
0.4714, 0, -0.8819, 
0.4714, 0, -0.8819, 
0.4714, 0, -0.8819, 
0.6344, 0, -0.773, 
0.6344, 0, -0.773, 
0.6344, 0, -0.773, 
0.773, 0, -0.6344, 
0.773, 0, -0.6344, 
0.773, 0, -0.6344, 
0.8819, 0, -0.4714, 
0.8819, 0, -0.4714, 
0.8819, 0, -0.4714, 
0.9569, 0, -0.2903, 
0.9569, 0, -0.2903, 
0.9569, 0, -0.2903, 
0.9952, 0, -0.098, 
0.9952, 0, -0.098, 
0.9952, 0, -0.098, 
0.9952, 0, 0.098, 
0.9952, 0, 0.098, 
0.9952, 0, 0.098, 
0.9569, 0, 0.2903, 
0.9569, 0, 0.2903, 
0.9569, 0, 0.2903, 
0.8819, 0, 0.4714, 
0.8819, 0, 0.4714, 
0.8819, 0, 0.4714, 
0.773, 0, 0.6344, 
0.773, 0, 0.6344, 
0.773, 0, 0.6344, 
0.6344, 0, 0.773, 
0.6344, 0, 0.773, 
0.6344, 0, 0.773, 
0.4714, 0, 0.8819, 
0.4714, 0, 0.8819, 
0.4714, 0, 0.8819, 
0.2903, 0, 0.9569, 
0.2903, 0, 0.9569, 
0.2903, 0, 0.9569, 
0.098, 0, 0.9952, 
0.098, 0, 0.9952, 
0.098, 0, 0.9952, 
-0.098, 0, 0.9952, 
-0.098, 0, 0.9952, 
-0.098, 0, 0.9952, 
-0.2903, 0, 0.9569, 
-0.2903, 0, 0.9569, 
-0.2903, 0, 0.9569, 
-0.4714, 0, 0.8819, 
-0.4714, 0, 0.8819, 
-0.4714, 0, 0.8819, 
-0.6344, 0, 0.773, 
-0.6344, 0, 0.773, 
-0.6344, 0, 0.773, 
-0.773, 0, 0.6344, 
-0.773, 0, 0.6344, 
-0.773, 0, 0.6344, 
-0.8819, 0, 0.4714, 
-0.8819, 0, 0.4714, 
-0.8819, 0, 0.4714, 
-0.9569, 0, 0.2903, 
-0.9569, 0, 0.2903, 
-0.9569, 0, 0.2903, 
-0.9952, 0, 0.098, 
-0.9952, 0, 0.098, 
-0.9952, 0, 0.098, 
-0.9952, 0, -0.098, 
-0.9952, 0, -0.098, 
-0.9952, 0, -0.098, 
-0.9569, 0, -0.2903, 
-0.9569, 0, -0.2903, 
-0.9569, 0, -0.2903, 
-0.8819, 0, -0.4714, 
-0.8819, 0, -0.4714, 
-0.8819, 0, -0.4714, 
-0.773, 0, -0.6344, 
-0.773, 0, -0.6344, 
-0.773, 0, -0.6344, 
-0.6344, 0, -0.773, 
-0.6344, 0, -0.773, 
-0.6344, 0, -0.773, 
-0.4714, 0, -0.8819, 
-0.4714, 0, -0.8819, 
-0.4714, 0, -0.8819, 
-0.2512, 0.5015, 0.8279, 
-0.2512, 0.5015, 0.8279, 
-0.2512, 0.5015, 0.8279, 
-0.2903, 0, -0.9569, 
-0.2903, 0, -0.9569, 
-0.2903, 0, -0.9569, 
-0.098, 0, -0.9952, 
-0.098, 0, -0.9952, 
-0.098, 0, -0.9952, 
-0.0421, -0.9991, -0.0042, 
-0.0421, -0.9991, -0.0042, 
-0.0421, -0.9991, -0.0042, 
-0.763, 0.5015, -0.4078, 
-0.763, 0.5015, -0.4078, 
-0.763, 0.5015, -0.4078, 
0.6688, 0.5015, -0.5489, 
0.6688, 0.5015, -0.5489, 
0.6688, 0.5015, -0.5489, 
0.4078, 0.5015, 0.763, 
0.4078, 0.5015, 0.763, 
0.4078, 0.5015, 0.763, 
-0.8279, 0.5015, 0.2511, 
-0.8279, 0.5015, 0.2511, 
-0.8279, 0.5015, 0.2511, 
0.0848, 0.5015, -0.861, 
0.0848, 0.5015, -0.861, 
0.0848, 0.5015, -0.861, 
-0.0848, 0.5015, -0.861, 
-0.0848, 0.5015, -0.861, 
-0.0848, 0.5015, -0.861, 
0.8279, 0.5015, 0.2511, 
0.8279, 0.5015, 0.2511, 
0.8279, 0.5015, 0.2511, 
-0.4078, 0.5015, 0.763, 
-0.4078, 0.5015, 0.763, 
-0.4078, 0.5015, 0.763, 
-0.6688, 0.5015, -0.5489, 
-0.6688, 0.5015, -0.5489, 
-0.6688, 0.5015, -0.5489, 
0.763, 0.5015, -0.4078, 
0.763, 0.5015, -0.4078, 
0.763, 0.5015, -0.4078, 
0.2512, 0.5015, 0.8279, 
0.2512, 0.5015, 0.8279, 
0.2512, 0.5015, 0.8279, 
-0.861, 0.5015, 0.0848, 
-0.861, 0.5015, 0.0848, 
-0.861, 0.5015, 0.0848, 
0.2512, 0.5015, -0.8279, 
0.2512, 0.5015, -0.8279, 
0.2512, 0.5015, -0.8279, 
0.763, 0.5015, 0.4078, 
0.763, 0.5015, 0.4078, 
0.763, 0.5015, 0.4078, 
-0.5489, 0.5015, 0.6688, 
-0.5489, 0.5015, 0.6688, 
-0.5489, 0.5015, 0.6688, 
-0.5489, 0.5015, -0.6688, 
-0.5489, 0.5015, -0.6688, 
-0.5489, 0.5015, -0.6688, 
0.8279, 0.5015, -0.2511, 
0.8279, 0.5015, -0.2511, 
0.8279, 0.5015, -0.2511, 
0.0848, 0.5015, 0.861, 
0.0848, 0.5015, 0.861, 
0.0848, 0.5015, 0.861, 
-0.861, 0.5015, -0.0848, 
-0.861, 0.5015, -0.0848, 
-0.861, 0.5015, -0.0848, 
0.4078, 0.5015, -0.763, 
0.4078, 0.5015, -0.763, 
0.4078, 0.5015, -0.763, 
0.6688, 0.5015, 0.5489, 
0.6688, 0.5015, 0.5489, 
0.6688, 0.5015, 0.5489, 
-0.6688, 0.5015, 0.5489, 
-0.6688, 0.5015, 0.5489, 
-0.6688, 0.5015, 0.5489, 
-0.4078, 0.5015, -0.763, 
-0.4078, 0.5015, -0.763, 
-0.4078, 0.5015, -0.763, 
0.861, 0.5015, -0.0848, 
0.861, 0.5015, -0.0848, 
0.861, 0.5015, -0.0848, 
-0.0848, 0.5015, 0.861, 
-0.0848, 0.5015, 0.861, 
-0.0848, 0.5015, 0.861, 
-0.8279, 0.5015, -0.2511, 
-0.8279, 0.5015, -0.2511, 
-0.8279, 0.5015, -0.2511, 
0.5489, 0.5015, -0.6688, 
0.5489, 0.5015, -0.6688, 
0.5489, 0.5015, -0.6688, 
0.5489, 0.5015, 0.6688, 
0.5489, 0.5015, 0.6688, 
0.5489, 0.5015, 0.6688, 
-0.763, 0.5015, 0.4078, 
-0.763, 0.5015, 0.4078, 
-0.763, 0.5015, 0.4078, 
-0.2511, 0.5015, -0.8279, 
-0.2511, 0.5015, -0.8279, 
-0.2511, 0.5015, -0.8279, 
0.861, 0.5015, 0.0848, 
0.861, 0.5015, 0.0848, 
0.861, 0.5015, 0.0848, 
-0.773, 0, -0.6344, 
-0.773, 0, -0.6344, 
-0.773, 0, -0.6344, 
0.0327, -0.9991, 0.0269, 
0.0327, -0.9991, 0.0269, 
0.0327, -0.9991, 0.0269, 
-0.0405, -0.9991, -0.0123, 
-0.0405, -0.9991, -0.0123, 
-0.0405, -0.9991, -0.0123, 
0.0269, -0.9991, 0.0327, 
0.0269, -0.9991, 0.0327, 
0.0269, -0.9991, 0.0327, 
-0.0374, -0.9991, -0.02, 
-0.0374, -0.9991, -0.02, 
-0.0374, -0.9991, -0.02, 
0.02, -0.9991, 0.0374, 
0.02, -0.9991, 0.0374, 
0.02, -0.9991, 0.0374, 
0.0042, -0.9991, -0.0421, 
0.0042, -0.9991, -0.0421, 
0.0042, -0.9991, -0.0421, 
-0.0327, -0.9991, -0.0269, 
-0.0327, -0.9991, -0.0269, 
-0.0327, -0.9991, -0.0269, 
0.0123, -0.9991, 0.0405, 
0.0123, -0.9991, 0.0405, 
0.0123, -0.9991, 0.0405, 
0.0123, -0.9991, -0.0405, 
0.0123, -0.9991, -0.0405, 
0.0123, -0.9991, -0.0405, 
-0.0269, -0.9991, -0.0327, 
-0.0269, -0.9991, -0.0327, 
-0.0269, -0.9991, -0.0327, 
0.0042, -0.9991, 0.0421, 
0.0042, -0.9991, 0.0421, 
0.0042, -0.9991, 0.0421, 
0.02, -0.9991, -0.0373, 
0.02, -0.9991, -0.0373, 
0.02, -0.9991, -0.0373, 
-0.02, -0.9991, -0.0374, 
-0.02, -0.9991, -0.0374, 
-0.02, -0.9991, -0.0374, 
-0.0042, -0.9991, 0.0421, 
-0.0042, -0.9991, 0.0421, 
-0.0042, -0.9991, 0.0421, 
0.0269, -0.9991, -0.0327, 
0.0269, -0.9991, -0.0327, 
0.0269, -0.9991, -0.0327, 
-0.0123, -0.9991, -0.0405, 
-0.0123, -0.9991, -0.0405, 
-0.0123, -0.9991, -0.0405, 
-0.0123, -0.9991, 0.0405, 
-0.0123, -0.9991, 0.0405, 
-0.0123, -0.9991, 0.0405, 
0.0327, -0.9991, -0.0269, 
0.0327, -0.9991, -0.0269, 
0.0327, -0.9991, -0.0269, 
-0.0042, -0.9991, -0.0421, 
-0.0042, -0.9991, -0.0421, 
-0.0042, -0.9991, -0.0421, 
-0.02, -0.9991, 0.0374, 
-0.02, -0.9991, 0.0374, 
-0.02, -0.9991, 0.0374, 
0.0374, -0.9991, -0.02, 
0.0374, -0.9991, -0.02, 
0.0374, -0.9991, -0.02, 
-0.0269, -0.9991, 0.0327, 
-0.0269, -0.9991, 0.0327, 
-0.0269, -0.9991, 0.0327, 
0.0405, -0.9991, -0.0123, 
0.0405, -0.9991, -0.0123, 
0.0405, -0.9991, -0.0123, 
-0.0327, -0.9991, 0.0269, 
-0.0327, -0.9991, 0.0269, 
-0.0327, -0.9991, 0.0269, 
0.0421, -0.9991, -0.0042, 
0.0421, -0.9991, -0.0042, 
0.0421, -0.9991, -0.0042, 
-0.0374, -0.9991, 0.02, 
-0.0374, -0.9991, 0.02, 
-0.0374, -0.9991, 0.02, 
0.0421, -0.9991, 0.0042, 
0.0421, -0.9991, 0.0042, 
0.0421, -0.9991, 0.0042, 
-0.0405, -0.9991, 0.0123, 
-0.0405, -0.9991, 0.0123, 
-0.0405, -0.9991, 0.0123, 
0.0405, -0.9991, 0.0123, 
0.0405, -0.9991, 0.0123, 
0.0405, -0.9991, 0.0123, 
-0.0421, -0.9991, 0.0042, 
-0.0421, -0.9991, 0.0042, 
-0.0421, -0.9991, 0.0042, 
0.0374, -0.9991, 0.02, 
0.0374, -0.9991, 0.02, 
0.0374, -0.9991, 0.02, 
-0.2081, 0.6973, -0.6859, 
-0.2081, 0.6973, -0.6859, 
-0.2081, 0.6973, -0.6859, 
0.2903, 0, 0.9569, 
0.2903, 0, 0.9569, 
0.2903, 0, 0.9569, 
0.2903, 0, -0.9569, 
0.2903, 0, -0.9569, 
0.2903, 0, -0.9569, 
-0.6344, 0, -0.773, 
-0.6344, 0, -0.773, 
-0.6344, 0, -0.773, 
0.098, 0, 0.9952, 
0.098, 0, 0.9952, 
0.098, 0, 0.9952, 
0.4714, 0, -0.8819, 
0.4714, 0, -0.8819, 
0.4714, 0, -0.8819, 
-0.4714, 0, -0.8819, 
-0.4714, 0, -0.8819, 
-0.4714, 0, -0.8819, 
-0.098, 0, 0.9952, 
-0.098, 0, 0.9952, 
-0.098, 0, 0.9952, 
0.6344, 0, -0.773, 
0.6344, 0, -0.773, 
0.6344, 0, -0.773, 
-0.2903, 0, -0.9569, 
-0.2903, 0, -0.9569, 
-0.2903, 0, -0.9569, 
-0.2903, 0, 0.9569, 
-0.2903, 0, 0.9569, 
-0.2903, 0, 0.9569, 
0.773, 0, -0.6344, 
0.773, 0, -0.6344, 
0.773, 0, -0.6344, 
-0.098, 0, -0.9952, 
-0.098, 0, -0.9952, 
-0.098, 0, -0.9952, 
-0.4714, 0, 0.8819, 
-0.4714, 0, 0.8819, 
-0.4714, 0, 0.8819, 
0.8819, 0, -0.4714, 
0.8819, 0, -0.4714, 
0.8819, 0, -0.4714, 
-0.6344, 0, 0.773, 
-0.6344, 0, 0.773, 
-0.6344, 0, 0.773, 
0.9569, 0, -0.2903, 
0.9569, 0, -0.2903, 
0.9569, 0, -0.2903, 
-0.773, 0, 0.6344, 
-0.773, 0, 0.6344, 
-0.773, 0, 0.6344, 
0.9952, 0, -0.098, 
0.9952, 0, -0.098, 
0.9952, 0, -0.098, 
-0.8819, 0, 0.4714, 
-0.8819, 0, 0.4714, 
-0.8819, 0, 0.4714, 
0.9952, 0, 0.098, 
0.9952, 0, 0.098, 
0.9952, 0, 0.098, 
-0.9569, 0, 0.2903, 
-0.9569, 0, 0.2903, 
-0.9569, 0, 0.2903, 
0.9569, 0, 0.2903, 
0.9569, 0, 0.2903, 
0.9569, 0, 0.2903, 
-0.9952, 0, 0.098, 
-0.9952, 0, 0.098, 
-0.9952, 0, 0.098, 
0.8819, 0, 0.4714, 
0.8819, 0, 0.4714, 
0.8819, 0, 0.4714, 
-0.9952, 0, -0.098, 
-0.9952, 0, -0.098, 
-0.9952, 0, -0.098, 
0.773, 0, 0.6344, 
0.773, 0, 0.6344, 
0.773, 0, 0.6344, 
-0.9569, 0, -0.2903, 
-0.9569, 0, -0.2903, 
-0.9569, 0, -0.2903, 
0.6344, 0, 0.773, 
0.6344, 0, 0.773, 
0.6344, 0, 0.773, 
-0.8819, 0, -0.4714, 
-0.8819, 0, -0.4714, 
-0.8819, 0, -0.4714, 
0.4714, 0, 0.8819, 
0.4714, 0, 0.8819, 
0.4714, 0, 0.8819, 
0.098, 0, -0.9952, 
0.098, 0, -0.9952, 
0.098, 0, -0.9952, 
-0.3362, 0.9005, 0.2759, 
-0.3362, 0.9005, 0.2759, 
-0.3362, 0.9005, 0.2759, 
-0.2081, 0.6973, 0.6859, 
-0.2081, 0.6973, 0.6859, 
-0.2081, 0.6973, 0.6859, 
0.5541, 0.6973, -0.4547, 
0.5541, 0.6973, -0.4547, 
0.5541, 0.6973, -0.4547, 
-0.0703, 0.6973, -0.7133, 
-0.0703, 0.6973, -0.7133, 
-0.0703, 0.6973, -0.7133, 
-0.3379, 0.6973, 0.6322, 
-0.3379, 0.6973, 0.6322, 
-0.3379, 0.6973, 0.6322, 
0.6322, 0.6973, -0.3379, 
0.6322, 0.6973, -0.3379, 
0.6322, 0.6973, -0.3379, 
-0.4547, 0.6973, 0.5541, 
-0.4547, 0.6973, 0.5541, 
-0.4547, 0.6973, 0.5541, 
0.6859, 0.6973, -0.2081, 
0.6859, 0.6973, -0.2081, 
0.6859, 0.6973, -0.2081, 
-0.5541, 0.6973, 0.4547, 
-0.5541, 0.6973, 0.4547, 
-0.5541, 0.6973, 0.4547, 
0.7133, 0.6973, -0.0703, 
0.7133, 0.6973, -0.0703, 
0.7133, 0.6973, -0.0703, 
-0.6322, 0.6973, 0.3379, 
-0.6322, 0.6973, 0.3379, 
-0.6322, 0.6973, 0.3379, 
0.7133, 0.6973, 0.0703, 
0.7133, 0.6973, 0.0703, 
0.7133, 0.6973, 0.0703, 
-0.6859, 0.6973, 0.2081, 
-0.6859, 0.6973, 0.2081, 
-0.6859, 0.6973, 0.2081, 
0.6859, 0.6973, 0.2081, 
0.6859, 0.6973, 0.2081, 
0.6859, 0.6973, 0.2081, 
-0.7133, 0.6973, 0.0703, 
-0.7133, 0.6973, 0.0703, 
-0.7133, 0.6973, 0.0703, 
0.6322, 0.6973, 0.3379, 
0.6322, 0.6973, 0.3379, 
0.6322, 0.6973, 0.3379, 
-0.7133, 0.6973, -0.0703, 
-0.7133, 0.6973, -0.0703, 
-0.7133, 0.6973, -0.0703, 
0.5541, 0.6973, 0.4547, 
0.5541, 0.6973, 0.4547, 
0.5541, 0.6973, 0.4547, 
-0.6859, 0.6973, -0.2081, 
-0.6859, 0.6973, -0.2081, 
-0.6859, 0.6973, -0.2081, 
0.4547, 0.6973, 0.5541, 
0.4547, 0.6973, 0.5541, 
0.4547, 0.6973, 0.5541, 
-0.6322, 0.6973, -0.3379, 
-0.6322, 0.6973, -0.3379, 
-0.6322, 0.6973, -0.3379, 
0.3379, 0.6973, 0.6322, 
0.3379, 0.6973, 0.6322, 
0.3379, 0.6973, 0.6322, 
0.0703, 0.6973, -0.7133, 
0.0703, 0.6973, -0.7133, 
0.0703, 0.6973, -0.7133, 
-0.5541, 0.6973, -0.4547, 
-0.5541, 0.6973, -0.4547, 
-0.5541, 0.6973, -0.4547, 
0.2081, 0.6973, 0.6859, 
0.2081, 0.6973, 0.6859, 
0.2081, 0.6973, 0.6859, 
0.2081, 0.6973, -0.6859, 
0.2081, 0.6973, -0.6859, 
0.2081, 0.6973, -0.6859, 
-0.4547, 0.6973, -0.5541, 
-0.4547, 0.6973, -0.5541, 
-0.4547, 0.6973, -0.5541, 
0.0703, 0.6973, 0.7133, 
0.0703, 0.6973, 0.7133, 
0.0703, 0.6973, 0.7133, 
0.3379, 0.6973, -0.6322, 
0.3379, 0.6973, -0.6322, 
0.3379, 0.6973, -0.6322, 
-0.3379, 0.6973, -0.6322, 
-0.3379, 0.6973, -0.6322, 
-0.3379, 0.6973, -0.6322, 
-0.0703, 0.6973, 0.7133, 
-0.0703, 0.6973, 0.7133, 
-0.0703, 0.6973, 0.7133, 
0.4547, 0.6973, -0.5541, 
0.4547, 0.6973, -0.5541, 
0.4547, 0.6973, -0.5541, 
0, 1, -0, 
0, 1, -0, 
0, 1, -0, 
0, 1, -0.0001, 
0, 1, -0.0001, 
0, 1, -0.0001, 
0, 1, -0, 
0, 1, -0, 
0, 1, -0, 
0, 1, -0, 
0, 1, -0, 
0, 1, -0, 
0, 1, -0, 
0, 1, -0, 
0, 1, -0, 
0, 1, -0, 
0, 1, -0, 
0, 1, -0, 
0, 1, -0, 
0, 1, -0, 
0, 1, -0, 
0, 1, -0, 
0, 1, -0, 
0, 1, -0, 
0, 1, 0.0001, 
0, 1, 0.0001, 
0, 1, 0.0001, 
0, 1, -0, 
0, 1, -0, 
0, 1, -0, 
0, 1, -0, 
0, 1, -0, 
0, 1, -0, 
0, 1, -0, 
0, 1, -0, 
0, 1, -0, 
0, 1, -0, 
0, 1, -0, 
0, 1, -0, 
0, 1, -0, 
0, 1, -0, 
0, 1, -0, 
0, 1, -0, 
0, 1, -0, 
0, 1, -0, 
0, 1, -0, 
0, 1, -0, 
0, 1, -0, 
0, 1, -0, 
0, 1, -0, 
0, 1, -0, 
0, 1, -0, 
0, 1, -0, 
0, 1, -0, 
0, 1, -0, 
0, 1, -0, 
0, 1, -0, 
0, 1, -0, 
0, 1, -0, 
0, 1, -0, 
0, 1, -0, 
0, 1, -0, 
0, 1, -0, 
0, 1, -0, 
0, 1, -0, 
0, 1, -0, 
0, 1, -0, 
0, 1, -0, 
0, 1, -0, 
0, 1, -0, 
0, 1, -0, 
0, 1, -0, 
0, 1, -0, 
0, 1, -0, 
0, 1, -0, 
0, 1, -0, 
0, 1, -0, 
0, 1, -0, 
0, 1, -0, 
0, 1, -0, 
0, 1, -0, 
0, 1, -0, 
0, 1, -0, 
0, 1, -0, 
0, 1, -0, 
0, 1, -0, 
0, 1, -0, 
0.4328, 0.9005, -0.0426, 
0.4328, 0.9005, -0.0426, 
0.4328, 0.9005, -0.0426, 
-0.3836, 0.9005, 0.205, 
-0.3836, 0.9005, 0.205, 
-0.3836, 0.9005, 0.205, 
0.4328, 0.9005, 0.0426, 
0.4328, 0.9005, 0.0426, 
0.4328, 0.9005, 0.0426, 
-0.4162, 0.9005, 0.1263, 
-0.4162, 0.9005, 0.1263, 
-0.4162, 0.9005, 0.1263, 
0.4162, 0.9005, 0.1263, 
0.4162, 0.9005, 0.1263, 
0.4162, 0.9005, 0.1263, 
-0.4328, 0.9005, 0.0426, 
-0.4328, 0.9005, 0.0426, 
-0.4328, 0.9005, 0.0426, 
0.3836, 0.9005, 0.205, 
0.3836, 0.9005, 0.205, 
0.3836, 0.9005, 0.205, 
-0.4328, 0.9005, -0.0426, 
-0.4328, 0.9005, -0.0426, 
-0.4328, 0.9005, -0.0426, 
0.3362, 0.9005, 0.2759, 
0.3362, 0.9005, 0.2759, 
0.3362, 0.9005, 0.2759, 
-0.4162, 0.9005, -0.1263, 
-0.4162, 0.9005, -0.1263, 
-0.4162, 0.9005, -0.1263, 
0.2759, 0.9005, 0.3362, 
0.2759, 0.9005, 0.3362, 
0.2759, 0.9005, 0.3362, 
-0.3836, 0.9005, -0.205, 
-0.3836, 0.9005, -0.205, 
-0.3836, 0.9005, -0.205, 
0.205, 0.9005, 0.3836, 
0.205, 0.9005, 0.3836, 
0.205, 0.9005, 0.3836, 
0.0426, 0.9005, -0.4328, 
0.0426, 0.9005, -0.4328, 
0.0426, 0.9005, -0.4328, 
-0.3362, 0.9005, -0.2759, 
-0.3362, 0.9005, -0.2759, 
-0.3362, 0.9005, -0.2759, 
0.1263, 0.9005, 0.4162, 
0.1263, 0.9005, 0.4162, 
0.1263, 0.9005, 0.4162, 
0.1263, 0.9005, -0.4162, 
0.1263, 0.9005, -0.4162, 
0.1263, 0.9005, -0.4162, 
-0.2759, 0.9005, -0.3362, 
-0.2759, 0.9005, -0.3362, 
-0.2759, 0.9005, -0.3362, 
0.0426, 0.9005, 0.4328, 
0.0426, 0.9005, 0.4328, 
0.0426, 0.9005, 0.4328, 
0.205, 0.9005, -0.3836, 
0.205, 0.9005, -0.3836, 
0.205, 0.9005, -0.3836, 
-0.205, 0.9005, -0.3836, 
-0.205, 0.9005, -0.3836, 
-0.205, 0.9005, -0.3836, 
-0.0426, 0.9005, 0.4328, 
-0.0426, 0.9005, 0.4328, 
-0.0426, 0.9005, 0.4328, 
0.2759, 0.9005, -0.3362, 
0.2759, 0.9005, -0.3362, 
0.2759, 0.9005, -0.3362, 
-0.1263, 0.9005, -0.4162, 
-0.1263, 0.9005, -0.4162, 
-0.1263, 0.9005, -0.4162, 
-0.1263, 0.9005, 0.4162, 
-0.1263, 0.9005, 0.4162, 
-0.1263, 0.9005, 0.4162, 
0.3362, 0.9005, -0.2759, 
0.3362, 0.9005, -0.2759, 
0.3362, 0.9005, -0.2759, 
-0.0426, 0.9005, -0.4328, 
-0.0426, 0.9005, -0.4328, 
-0.0426, 0.9005, -0.4328, 
-0.205, 0.9005, 0.3836, 
-0.205, 0.9005, 0.3836, 
-0.205, 0.9005, 0.3836, 
0.3836, 0.9005, -0.205, 
0.3836, 0.9005, -0.205, 
0.3836, 0.9005, -0.205, 
-0.2759, 0.9005, 0.3362, 
-0.2759, 0.9005, 0.3362, 
-0.2759, 0.9005, 0.3362, 
0.4162, 0.9005, -0.1263, 
0.4162, 0.9005, -0.1263, 
0.4162, 0.9005, -0.1263, 
]);
var pawnu = new Float32Array([
0.96875, 0.5, 
1, 1, 
1, 0.5, 
0.9375, 0.5, 
0.96875, 1, 
0.96875, 0.5, 
0.90625, 0.5, 
0.9375, 1, 
0.9375, 0.5, 
0.875, 0.5, 
0.90625, 1, 
0.90625, 0.5, 
0.84375, 0.5, 
0.875, 1, 
0.875, 0.5, 
0.8125, 0.5, 
0.84375, 1, 
0.84375, 0.5, 
0.78125, 0.5, 
0.8125, 1, 
0.8125, 0.5, 
0.75, 0.5, 
0.78125, 1, 
0.78125, 0.5, 
0.71875, 0.5, 
0.75, 1, 
0.75, 0.5, 
0.6875, 0.5, 
0.71875, 1, 
0.71875, 0.5, 
0.65625, 0.5, 
0.6875, 1, 
0.6875, 0.5, 
0.625, 0.5, 
0.65625, 1, 
0.65625, 0.5, 
0.59375, 0.5, 
0.625, 1, 
0.625, 0.5, 
0.5625, 0.5, 
0.59375, 1, 
0.59375, 0.5, 
0.53125, 0.5, 
0.5625, 1, 
0.5625, 0.5, 
0.5, 0.5, 
0.53125, 1, 
0.53125, 0.5, 
0.46875, 0.5, 
0.5, 1, 
0.5, 0.5, 
0.4375, 0.5, 
0.46875, 1, 
0.46875, 0.5, 
0.40625, 0.5, 
0.4375, 1, 
0.4375, 0.5, 
0.375, 0.5, 
0.40625, 1, 
0.40625, 0.5, 
0.34375, 0.5, 
0.375, 1, 
0.375, 0.5, 
0.3125, 0.5, 
0.34375, 1, 
0.34375, 0.5, 
0.28125, 0.5, 
0.3125, 1, 
0.3125, 0.5, 
0.25, 0.5, 
0.28125, 1, 
0.28125, 0.5, 
0.21875, 0.5, 
0.25, 1, 
0.25, 0.5, 
0.1875, 0.5, 
0.21875, 1, 
0.21875, 0.5, 
0.15625, 0.5, 
0.1875, 1, 
0.1875, 0.5, 
0.125, 0.5, 
0.15625, 1, 
0.15625, 0.5, 
0.09375, 0.5, 
0.125, 1, 
0.125, 0.5, 
0.0625, 0.5, 
0.09375, 1, 
0.09375, 0.5, 
0.03125, 0.5, 
0.0625, 1, 
0.0625, 0.5, 
0, 0.5, 
0.03125, 1, 
0.03125, 0.5, 
0.294, 0.474, 
0.294, 0.474, 
0.294, 0.474, 
0.294, 0.474, 
0.294, 0.474, 
0.294, 0.474, 
0.294, 0.474, 
0.294, 0.474, 
0.294, 0.474, 
0.294, 0.474, 
0.294, 0.474, 
0.294, 0.474, 
0.294, 0.474, 
0.294, 0.474, 
0.294, 0.474, 
0.294, 0.474, 
0.294, 0.474, 
0.294, 0.474, 
0.294, 0.474, 
0.294, 0.474, 
0.294, 0.474, 
0.294, 0.474, 
0.294, 0.474, 
0.294, 0.474, 
0.294, 0.474, 
0.294, 0.474, 
0.294, 0.474, 
0.294, 0.474, 
0.294, 0.474, 
0.294, 0.474, 
0.294, 0.474, 
0.294, 0.474, 
0.294, 0.474, 
0.294, 0.474, 
0.294, 0.474, 
0.294, 0.474, 
0.294, 0.474, 
0.294, 0.474, 
0.294, 0.474, 
0.294, 0.474, 
0.294, 0.474, 
0.294, 0.474, 
0.294, 0.474, 
0.294, 0.474, 
0.294, 0.474, 
0.294, 0.474, 
0.294, 0.474, 
0.294, 0.474, 
0.294, 0.474, 
0.294, 0.474, 
0.294, 0.474, 
0.294, 0.474, 
0.294, 0.474, 
0.294, 0.474, 
0.294, 0.474, 
0.294, 0.474, 
0.294, 0.474, 
0.294, 0.474, 
0.294, 0.474, 
0.294, 0.474, 
0.294, 0.474, 
0.294, 0.474, 
0.294, 0.474, 
0.294, 0.474, 
0.294, 0.474, 
0.294, 0.474, 
0.294, 0.474, 
0.294, 0.474, 
0.294, 0.474, 
0.294, 0.474, 
0.294, 0.474, 
0.294, 0.474, 
0.294, 0.474, 
0.294, 0.474, 
0.294, 0.474, 
0.294, 0.474, 
0.294, 0.474, 
0.294, 0.474, 
0.294, 0.474, 
0.294, 0.474, 
0.294, 0.474, 
0.294, 0.474, 
0.294, 0.474, 
0.294, 0.474, 
0.294, 0.474, 
0.294, 0.474, 
0.294, 0.474, 
0.294, 0.474, 
0.294, 0.474, 
0.294, 0.474, 
0.294, 0.474, 
0.294, 0.474, 
0.294, 0.474, 
0.294, 0.474, 
0.294, 0.474, 
0.294, 0.474, 
0.294, 0.474, 
0.294, 0.474, 
0.294, 0.474, 
0.294, 0.474, 
0.294, 0.474, 
0.294, 0.474, 
0.294, 0.474, 
0.294, 0.474, 
0.294, 0.474, 
0.294, 0.474, 
0.294, 0.474, 
0.294, 0.474, 
0.294, 0.474, 
0.294, 0.474, 
0.294, 0.474, 
0.294, 0.474, 
0.294, 0.474, 
0.294, 0.474, 
0.294, 0.474, 
0.294, 0.474, 
0.294, 0.474, 
0.294, 0.474, 
0.294, 0.474, 
0.294, 0.474, 
0.294, 0.474, 
0.294, 0.474, 
0.294, 0.474, 
0.294, 0.474, 
0.294, 0.474, 
0.294, 0.474, 
0.294, 0.474, 
0.294, 0.474, 
0.294, 0.474, 
0.294, 0.474, 
0.294, 0.474, 
0.294, 0.474, 
0.294, 0.474, 
0.294, 0.474, 
0.294, 0.474, 
0.294, 0.474, 
0.294, 0.474, 
0.294, 0.474, 
0.294, 0.474, 
0.294, 0.474, 
0.294, 0.474, 
0.294, 0.474, 
0.294, 0.474, 
0.294, 0.474, 
0.294, 0.474, 
0.294, 0.474, 
0.294, 0.474, 
0.294, 0.474, 
0.294, 0.474, 
0.294, 0.474, 
0.294, 0.474, 
0.294, 0.474, 
0.294, 0.474, 
0.294, 0.474, 
0.294, 0.474, 
0.294, 0.474, 
0.294, 0.474, 
0.294, 0.474, 
0.294, 0.474, 
0.294, 0.474, 
0.294, 0.474, 
0.294, 0.474, 
0.294, 0.474, 
0.294, 0.474, 
0.294, 0.474, 
0.294, 0.474, 
0.294, 0.474, 
0.294, 0.474, 
0.294, 0.474, 
0.294, 0.474, 
0.294, 0.474, 
0.294, 0.474, 
0.294, 0.474, 
0.294, 0.474, 
0.294, 0.474, 
0.294, 0.474, 
0.294, 0.474, 
0.294, 0.474, 
0.294, 0.474, 
0.294, 0.474, 
0.294, 0.474, 
0.294, 0.474, 
0.294, 0.474, 
0.294, 0.474, 
0.294, 0.474, 
0.294, 0.474, 
0.294, 0.474, 
0.294, 0.474, 
0.294, 0.474, 
0.294, 0.474, 
0.294, 0.474, 
0.294, 0.474, 
0.294, 0.474, 
0.294, 0.474, 
0.294, 0.474, 
0.294, 0.474, 
0.294, 0.474, 
0.294, 0.474, 
0.294, 0.474, 
0.294, 0.474, 
0.294, 0.474, 
0.294, 0.474, 
0.294, 0.474, 
0.294, 0.474, 
0.294, 0.474, 
0.294, 0.474, 
0.294, 0.474, 
0.294, 0.474, 
0.294, 0.474, 
0.294, 0.474, 
0.294, 0.474, 
0.294, 0.474, 
0.294, 0.474, 
0.294, 0.474, 
0.294, 0.474, 
0.294, 0.474, 
0.294, 0.474, 
0.294, 0.474, 
0.294, 0.474, 
0.294, 0.474, 
0.294, 0.474, 
0.294, 0.474, 
0.294, 0.474, 
0.294, 0.474, 
0.294, 0.474, 
0.294, 0.474, 
0.294, 0.474, 
0.294, 0.474, 
0.294, 0.474, 
0.294, 0.474, 
0.294, 0.474, 
0.294, 0.474, 
0.294, 0.474, 
0.294, 0.474, 
0.294, 0.474, 
0.294, 0.474, 
0.294, 0.474, 
0.294, 0.474, 
0.294, 0.474, 
0.294, 0.474, 
0.294, 0.474, 
0.294, 0.474, 
0.294, 0.474, 
0.294, 0.474, 
0.294, 0.474, 
0.294, 0.474, 
0.294, 0.474, 
0.294, 0.474, 
0.294, 0.474, 
0.294, 0.474, 
0.294, 0.474, 
0.294, 0.474, 
0.294, 0.474, 
0.294, 0.474, 
0.294, 0.474, 
0.294, 0.474, 
0.294, 0.474, 
0.294, 0.474, 
0.294, 0.474, 
0.294, 0.474, 
0.294, 0.474, 
0.294, 0.474, 
0.294, 0.474, 
0.294, 0.474, 
0.294, 0.474, 
0.294, 0.474, 
0.294, 0.474, 
0.294, 0.474, 
0.294, 0.474, 
0.294, 0.474, 
0.294, 0.474, 
0.294, 0.474, 
0.294, 0.474, 
0.294, 0.474, 
0.294, 0.474, 
0.294, 0.474, 
0.294, 0.474, 
0.294, 0.474, 
0.294, 0.474, 
0.294, 0.474, 
0.294, 0.474, 
0.294, 0.474, 
0.294, 0.474, 
0.294, 0.474, 
0.294, 0.474, 
0.294, 0.474, 
0.294, 0.474, 
0.294, 0.474, 
0.294, 0.474, 
0.294, 0.474, 
0.294, 0.474, 
0.294, 0.474, 
0.294, 0.474, 
0.294, 0.474, 
0.294, 0.474, 
0.294, 0.474, 
0.294, 0.474, 
0.294, 0.474, 
0.294, 0.474, 
0.294, 0.474, 
0.294, 0.474, 
0.294, 0.474, 
0.294, 0.474, 
0.294, 0.474, 
0.294, 0.474, 
0.294, 0.474, 
0.294, 0.474, 
0.294, 0.474, 
0.294, 0.474, 
0.294, 0.474, 
0.294, 0.474, 
0.294, 0.474, 
0.294, 0.474, 
0.294, 0.474, 
0.294, 0.474, 
0.294, 0.474, 
0.294, 0.474, 
0.294, 0.474, 
0.294, 0.474, 
0.294, 0.474, 
0.294, 0.474, 
0.294, 0.474, 
0.294, 0.474, 
0.294, 0.474, 
0.294, 0.474, 
0.294, 0.474, 
0.294, 0.474, 
0.294, 0.474, 
0.294, 0.474, 
0.294, 0.474, 
0.294, 0.474, 
0.294, 0.474, 
0.294, 0.474, 
0.294, 0.474, 
0.294, 0.474, 
0.294, 0.474, 
0.294, 0.474, 
0.294, 0.474, 
0.294, 0.474, 
0.294, 0.474, 
0.294, 0.474, 
0.294, 0.474, 
0.294, 0.474, 
0.294, 0.474, 
0.294, 0.474, 
0.294, 0.474, 
0.294, 0.474, 
0.294, 0.474, 
0.294, 0.474, 
0.294, 0.474, 
0.294, 0.474, 
0.294, 0.474, 
0.294, 0.474, 
0.294, 0.474, 
0.294, 0.474, 
0.294, 0.474, 
0.294, 0.474, 
0.294, 0.474, 
0.294, 0.474, 
0.294, 0.474, 
0.294, 0.474, 
0.294, 0.474, 
0.294, 0.474, 
0.294, 0.474, 
0.294, 0.474, 
0.294, 0.474, 
0.294, 0.474, 
0.294, 0.474, 
0.294, 0.474, 
0.294, 0.474, 
0.294, 0.474, 
0.294, 0.474, 
0.294, 0.474, 
0.294, 0.474, 
0.294, 0.474, 
0.294, 0.474, 
0.294, 0.474, 
0.294, 0.474, 
0.294, 0.474, 
0.294, 0.474, 
0.294, 0.474, 
0.294, 0.474, 
0.294, 0.474, 
0.294, 0.474, 
0.294, 0.474, 
0.294, 0.474, 
0.294, 0.474, 
0.294, 0.474, 
0.294, 0.474, 
0.294, 0.474, 
0.294, 0.474, 
0.294, 0.474, 
0.294, 0.474, 
0.294, 0.474, 
0.294, 0.474, 
0.294, 0.474, 
0.294, 0.474, 
0.294, 0.474, 
0.294, 0.474, 
0.294, 0.474, 
0.294, 0.474, 
0.294, 0.474, 
0.294, 0.474, 
0.294, 0.474, 
0.294, 0.474, 
0.294, 0.474, 
0.294, 0.474, 
0.294, 0.474, 
0.294, 0.474, 
0.294, 0.474, 
0.294, 0.474, 
0.294, 0.474, 
0.294, 0.474, 
0.294, 0.474, 
0.294, 0.474, 
0.294, 0.474, 
0.294, 0.474, 
0.294, 0.474, 
0.294, 0.474, 
0.294, 0.474, 
0.294, 0.474, 
0.294, 0.474, 
0.294, 0.474, 
0.294, 0.474, 
0.294, 0.474, 
0.294, 0.474, 
0.294, 0.474, 
0.294, 0.474, 
0.294, 0.474, 
0.294, 0.474, 
0.294, 0.474, 
0.294, 0.474, 
0.294, 0.474, 
0.294, 0.474, 
0.294, 0.474, 
0.294, 0.474, 
0.294, 0.474, 
0.294, 0.474, 
0.294, 0.474, 
0.294, 0.474, 
0.294, 0.474, 
0.294, 0.474, 
0.294, 0.474, 
0.294, 0.474, 
0.294, 0.474, 
0.294, 0.474, 
0.294, 0.474, 
0.294, 0.474, 
0.294, 0.474, 
0.294, 0.474, 
0.294, 0.474, 
0.294, 0.474, 
0.294, 0.474, 
0.294, 0.474, 
0.294, 0.474, 
0.294, 0.474, 
0.294, 0.474, 
0.294, 0.474, 
0.294, 0.474, 
0.294, 0.474, 
0.294, 0.474, 
0.294, 0.474, 
0.294, 0.474, 
0.294, 0.474, 
0.294, 0.474, 
0.294, 0.474, 
0.294, 0.474, 
0.294, 0.474, 
0.294, 0.474, 
0.294, 0.474, 
0.294, 0.474, 
0.294, 0.474, 
0.294, 0.474, 
0.294, 0.474, 
0.294, 0.474, 
0.294, 0.474, 
0.294, 0.474, 
0.294, 0.474, 
0.294, 0.474, 
0.294, 0.474, 
0.294, 0.474, 
0.294, 0.474, 
0.294, 0.474, 
0.294, 0.474, 
0.294, 0.474, 
0.294, 0.474, 
0.294, 0.474, 
0.294, 0.474, 
0.294, 0.474, 
0.294, 0.474, 
0.294, 0.474, 
0.294, 0.474, 
0.294, 0.474, 
0.294, 0.474, 
0.294, 0.474, 
0.294, 0.474, 
0.294, 0.474, 
0.294, 0.474, 
0.294, 0.474, 
0.294, 0.474, 
0.294, 0.474, 
0.294, 0.474, 
0.294, 0.474, 
0.294, 0.474, 
0.294, 0.474, 
0.294, 0.474, 
0.294, 0.474, 
0.294, 0.474, 
0.294, 0.474, 
0.294, 0.474, 
0.294, 0.474, 
0.294, 0.474, 
0.294, 0.474, 
0.294, 0.474, 
0.294, 0.474, 
0.294, 0.474, 
0.294, 0.474, 
0.294, 0.474, 
0.294, 0.474, 
0.294, 0.474, 
0.294, 0.474, 
0.294, 0.474, 
0.294, 0.474, 
0.294, 0.474, 
0.294, 0.474, 
0.294, 0.474, 
0.294, 0.474, 
0.294, 0.474, 
0.294, 0.474, 
0.294, 0.474, 
0.294, 0.474, 
0.294, 0.474, 
0.294, 0.474, 
0.294, 0.474, 
0.294, 0.474, 
0.294, 0.474, 
0.294, 0.474, 
0.294, 0.474, 
0.294, 0.474, 
0.294, 0.474, 
0.294, 0.474, 
0.294, 0.474, 
0.294, 0.474, 
0.294, 0.474, 
0.294, 0.474, 
0.294, 0.474, 
0.294, 0.474, 
0.294, 0.474, 
0.294, 0.474, 
0.294, 0.474, 
0.294, 0.474, 
0.294, 0.474, 
0.294, 0.474, 
0.294, 0.474, 
0.294, 0.474, 
0.294, 0.474, 
0.294, 0.474, 
0.294, 0.474, 
0.294, 0.474, 
0.294, 0.474, 
0.294, 0.474, 
0.294, 0.474, 
0.294, 0.474, 
0.294, 0.474, 
0.294, 0.474, 
0.294, 0.474, 
0.294, 0.474, 
0.294, 0.474, 
0.294, 0.474, 
0.294, 0.474, 
0.294, 0.474, 
0.294, 0.474, 
0.294, 0.474, 
0.294, 0.474, 
0.294, 0.474, 
0.294, 0.474, 
0.294, 0.474, 
0.294, 0.474, 
0.294, 0.474, 
0.96875, 0.5, 
0.96875, 1, 
1, 1, 
0.9375, 0.5, 
0.9375, 1, 
0.96875, 1, 
0.90625, 0.5, 
0.90625, 1, 
0.9375, 1, 
0.875, 0.5, 
0.875, 1, 
0.90625, 1, 
0.84375, 0.5, 
0.84375, 1, 
0.875, 1, 
0.8125, 0.5, 
0.8125, 1, 
0.84375, 1, 
0.78125, 0.5, 
0.78125, 1, 
0.8125, 1, 
0.75, 0.5, 
0.75, 1, 
0.78125, 1, 
0.71875, 0.5, 
0.71875, 1, 
0.75, 1, 
0.6875, 0.5, 
0.6875, 1, 
0.71875, 1, 
0.65625, 0.5, 
0.65625, 1, 
0.6875, 1, 
0.625, 0.5, 
0.625, 1, 
0.65625, 1, 
0.59375, 0.5, 
0.59375, 1, 
0.625, 1, 
0.5625, 0.5, 
0.5625, 1, 
0.59375, 1, 
0.53125, 0.5, 
0.53125, 1, 
0.5625, 1, 
0.5, 0.5, 
0.5, 1, 
0.53125, 1, 
0.46875, 0.5, 
0.46875, 1, 
0.5, 1, 
0.4375, 0.5, 
0.4375, 1, 
0.46875, 1, 
0.40625, 0.5, 
0.40625, 1, 
0.4375, 1, 
0.375, 0.5, 
0.375, 1, 
0.40625, 1, 
0.34375, 0.5, 
0.34375, 1, 
0.375, 1, 
0.3125, 0.5, 
0.3125, 1, 
0.34375, 1, 
0.28125, 0.5, 
0.28125, 1, 
0.3125, 1, 
0.25, 0.5, 
0.25, 1, 
0.28125, 1, 
0.21875, 0.5, 
0.21875, 1, 
0.25, 1, 
0.1875, 0.5, 
0.1875, 1, 
0.21875, 1, 
0.15625, 0.5, 
0.15625, 1, 
0.1875, 1, 
0.125, 0.5, 
0.125, 1, 
0.15625, 1, 
0.09375, 0.5, 
0.09375, 1, 
0.125, 1, 
0.0625, 0.5, 
0.0625, 1, 
0.09375, 1, 
0.03125, 0.5, 
0.03125, 1, 
0.0625, 1, 
0, 0.5, 
0, 1, 
0.03125, 1, 
0.294, 0.474, 
0.294, 0.474, 
0.294, 0.474, 
0.294, 0.474, 
0.294, 0.474, 
0.294, 0.474, 
0.294, 0.474, 
0.294, 0.474, 
0.294, 0.474, 
0.294, 0.474, 
0.294, 0.474, 
0.294, 0.474, 
0.294, 0.474, 
0.294, 0.474, 
0.294, 0.474, 
0.294, 0.474, 
0.294, 0.474, 
0.294, 0.474, 
0.294, 0.474, 
0.294, 0.474, 
0.294, 0.474, 
0.294, 0.474, 
0.294, 0.474, 
0.294, 0.474, 
0.294, 0.474, 
0.294, 0.474, 
0.294, 0.474, 
0.294, 0.474, 
0.294, 0.474, 
0.294, 0.474, 
0.294, 0.474, 
0.294, 0.474, 
0.294, 0.474, 
0.294, 0.474, 
0.294, 0.474, 
0.294, 0.474, 
0.294, 0.474, 
0.294, 0.474, 
0.294, 0.474, 
0.294, 0.474, 
0.294, 0.474, 
0.294, 0.474, 
0.294, 0.474, 
0.294, 0.474, 
0.294, 0.474, 
0.294, 0.474, 
0.294, 0.474, 
0.294, 0.474, 
0.294, 0.474, 
0.294, 0.474, 
0.294, 0.474, 
0.294, 0.474, 
0.294, 0.474, 
0.294, 0.474, 
0.294, 0.474, 
0.294, 0.474, 
0.294, 0.474, 
0.294, 0.474, 
0.294, 0.474, 
0.294, 0.474, 
0.294, 0.474, 
0.294, 0.474, 
0.294, 0.474, 
0.294, 0.474, 
0.294, 0.474, 
0.294, 0.474, 
0.294, 0.474, 
0.294, 0.474, 
0.294, 0.474, 
0.294, 0.474, 
0.294, 0.474, 
0.294, 0.474, 
0.294, 0.474, 
0.294, 0.474, 
0.294, 0.474, 
0.294, 0.474, 
0.294, 0.474, 
0.294, 0.474, 
0.294, 0.474, 
0.294, 0.474, 
0.294, 0.474, 
0.294, 0.474, 
0.294, 0.474, 
0.294, 0.474, 
0.294, 0.474, 
0.294, 0.474, 
0.294, 0.474, 
0.294, 0.474, 
0.294, 0.474, 
0.294, 0.474, 
0.294, 0.474, 
0.294, 0.474, 
0.294, 0.474, 
0.294, 0.474, 
0.294, 0.474, 
0.294, 0.474, 
0.294, 0.474, 
0.294, 0.474, 
0.294, 0.474, 
0.294, 0.474, 
0.294, 0.474, 
0.294, 0.474, 
0.294, 0.474, 
0.294, 0.474, 
0.294, 0.474, 
0.294, 0.474, 
0.294, 0.474, 
0.294, 0.474, 
0.294, 0.474, 
0.294, 0.474, 
0.294, 0.474, 
0.294, 0.474, 
0.294, 0.474, 
0.294, 0.474, 
0.294, 0.474, 
0.294, 0.474, 
0.294, 0.474, 
0.294, 0.474, 
0.294, 0.474, 
0.294, 0.474, 
0.294, 0.474, 
0.294, 0.474, 
0.294, 0.474, 
0.294, 0.474, 
0.294, 0.474, 
0.294, 0.474, 
0.294, 0.474, 
0.294, 0.474, 
0.294, 0.474, 
0.294, 0.474, 
0.294, 0.474, 
0.294, 0.474, 
0.294, 0.474, 
0.294, 0.474, 
0.294, 0.474, 
0.294, 0.474, 
0.294, 0.474, 
0.294, 0.474, 
0.294, 0.474, 
0.294, 0.474, 
0.294, 0.474, 
0.294, 0.474, 
0.294, 0.474, 
0.294, 0.474, 
0.294, 0.474, 
0.294, 0.474, 
0.294, 0.474, 
0.294, 0.474, 
0.294, 0.474, 
0.294, 0.474, 
0.294, 0.474, 
0.294, 0.474, 
0.294, 0.474, 
0.294, 0.474, 
0.294, 0.474, 
0.294, 0.474, 
0.294, 0.474, 
0.294, 0.474, 
0.294, 0.474, 
0.294, 0.474, 
0.294, 0.474, 
0.294, 0.474, 
0.294, 0.474, 
0.294, 0.474, 
0.294, 0.474, 
0.294, 0.474, 
0.294, 0.474, 
0.294, 0.474, 
0.294, 0.474, 
0.294, 0.474, 
0.294, 0.474, 
0.294, 0.474, 
0.294, 0.474, 
0.294, 0.474, 
0.294, 0.474, 
0.294, 0.474, 
0.294, 0.474, 
0.294, 0.474, 
0.294, 0.474, 
0.294, 0.474, 
0.294, 0.474, 
0.294, 0.474, 
0.294, 0.474, 
0.294, 0.474, 
0.294, 0.474, 
0.294, 0.474, 
0.294, 0.474, 
0.294, 0.474, 
0.294, 0.474, 
0.294, 0.474, 
0.294, 0.474, 
0.294, 0.474, 
0.294, 0.474, 
0.294, 0.474, 
0.294, 0.474, 
0.294, 0.474, 
0.294, 0.474, 
0.294, 0.474, 
0.294, 0.474, 
0.294, 0.474, 
0.294, 0.474, 
0.294, 0.474, 
0.294, 0.474, 
0.294, 0.474, 
0.294, 0.474, 
0.294, 0.474, 
0.294, 0.474, 
0.294, 0.474, 
0.294, 0.474, 
0.294, 0.474, 
0.294, 0.474, 
0.294, 0.474, 
0.294, 0.474, 
0.294, 0.474, 
0.294, 0.474, 
0.294, 0.474, 
0.294, 0.474, 
0.294, 0.474, 
0.294, 0.474, 
0.294, 0.474, 
0.294, 0.474, 
0.294, 0.474, 
0.294, 0.474, 
0.294, 0.474, 
0.294, 0.474, 
0.294, 0.474, 
0.294, 0.474, 
0.294, 0.474, 
0.294, 0.474, 
0.294, 0.474, 
0.294, 0.474, 
0.294, 0.474, 
0.294, 0.474, 
0.294, 0.474, 
0.294, 0.474, 
0.294, 0.474, 
0.294, 0.474, 
0.294, 0.474, 
0.294, 0.474, 
0.294, 0.474, 
0.294, 0.474, 
0.294, 0.474, 
0.294, 0.474, 
0.294, 0.474, 
0.294, 0.474, 
0.294, 0.474, 
0.294, 0.474, 
0.294, 0.474, 
0.294, 0.474, 
0.294, 0.474, 
0.294, 0.474, 
0.294, 0.474, 
0.294, 0.474, 
0.294, 0.474, 
0.294, 0.474, 
0.294, 0.474, 
0.294, 0.474, 
0.294, 0.474, 
0.294, 0.474, 
0.294, 0.474, 
0.294, 0.474, 
0.294, 0.474, 
0.294, 0.474, 
0.294, 0.474, 
0.294, 0.474, 
0.294, 0.474, 
0.294, 0.474, 
0.294, 0.474, 
0.294, 0.474, 
0.294, 0.474, 
0.294, 0.474, 
0.294, 0.474, 
0.294, 0.474, 
0.294, 0.474, 
0.294, 0.474, 
0.294, 0.474, 
0.294, 0.474, 
0.294, 0.474, 
0.294, 0.474, 
0.294, 0.474, 
0.294, 0.474, 
0.294, 0.474, 
0.294, 0.474, 
0.294, 0.474, 
0.294, 0.474, 
0.294, 0.474, 
0.294, 0.474, 
0.294, 0.474, 
0.294, 0.474, 
0.294, 0.474, 
0.294, 0.474, 
0.294, 0.474, 
0.294, 0.474, 
0.294, 0.474, 
0.294, 0.474, 
0.294, 0.474, 
0.294, 0.474, 
0.294, 0.474, 
0.294, 0.474, 
0.294, 0.474, 
0.294, 0.474, 
0.294, 0.474, 
0.294, 0.474, 
0.294, 0.474, 
0.294, 0.474, 
0.294, 0.474, 
0.294, 0.474, 
0.294, 0.474, 
0.294, 0.474, 
0.294, 0.474, 
0.294, 0.474, 
0.294, 0.474, 
0.294, 0.474, 
0.294, 0.474, 
0.294, 0.474, 
0.294, 0.474, 
0.294, 0.474, 
0.294, 0.474, 
0.294, 0.474, 
0.294, 0.474, 
0.294, 0.474, 
0.294, 0.474, 
0.294, 0.474, 
0.294, 0.474, 
0.294, 0.474, 
0.294, 0.474, 
0.294, 0.474, 
0.294, 0.474, 
0.294, 0.474, 
0.294, 0.474, 
0.294, 0.474, 
0.294, 0.474, 
0.294, 0.474, 
0.294, 0.474, 
0.294, 0.474, 
0.294, 0.474, 
0.294, 0.474, 
0.294, 0.474, 
0.294, 0.474, 
0.294, 0.474, 
0.294, 0.474, 
0.294, 0.474, 
0.294, 0.474, 
0.294, 0.474, 
0.294, 0.474, 
0.294, 0.474, 
0.294, 0.474, 
0.294, 0.474, 
0.294, 0.474, 
0.294, 0.474, 
0.294, 0.474, 
0.294, 0.474, 
0.294, 0.474, 
0.294, 0.474, 
0.294, 0.474, 
0.294, 0.474, 
0.294, 0.474, 
0.294, 0.474, 
0.294, 0.474, 
0.294, 0.474, 
0.294, 0.474, 
0.294, 0.474, 
0.294, 0.474, 
0.294, 0.474, 
0.294, 0.474, 
0.294, 0.474, 
0.294, 0.474, 
0.294, 0.474, 
0.294, 0.474, 
0.294, 0.474, 
0.294, 0.474, 
0.294, 0.474, 
0.294, 0.474, 
0.294, 0.474, 
0.294, 0.474, 
0.294, 0.474, 
0.294, 0.474, 
0.294, 0.474, 
0.294, 0.474, 
0.294, 0.474, 
0.294, 0.474, 
0.294, 0.474, 
0.294, 0.474, 
0.294, 0.474, 
0.294, 0.474, 
0.294, 0.474, 
0.294, 0.474, 
0.294, 0.474, 
0.294, 0.474, 
0.294, 0.474, 
0.294, 0.474, 
0.294, 0.474, 
0.294, 0.474, 
0.294, 0.474, 
0.294, 0.474, 
0.294, 0.474, 
0.294, 0.474, 
0.294, 0.474, 
0.294, 0.474, 
0.294, 0.474, 
0.294, 0.474, 
0.294, 0.474, 
0.294, 0.474, 
0.294, 0.474, 
0.294, 0.474, 
0.294, 0.474, 
0.294, 0.474, 
0.294, 0.474, 
0.294, 0.474, 
0.294, 0.474, 
0.294, 0.474, 
0.294, 0.474, 
0.294, 0.474, 
0.294, 0.474, 
0.294, 0.474, 
0.294, 0.474, 
0.294, 0.474, 
0.294, 0.474, 
0.294, 0.474, 
0.294, 0.474, 
0.294, 0.474, 
0.294, 0.474, 
0.294, 0.474, 
0.294, 0.474, 
0.294, 0.474, 
0.294, 0.474, 
0.294, 0.474, 
0.294, 0.474, 
0.294, 0.474, 
0.294, 0.474, 
0.294, 0.474, 
0.294, 0.474, 
0.294, 0.474, 
0.294, 0.474, 
0.294, 0.474, 
0.294, 0.474, 
0.294, 0.474, 
0.294, 0.474, 
0.294, 0.474, 
0.294, 0.474, 
0.294, 0.474, 
0.294, 0.474, 
0.294, 0.474, 
0.294, 0.474, 
0.294, 0.474, 
0.294, 0.474, 
0.294, 0.474, 
0.294, 0.474, 
0.294, 0.474, 
0.294, 0.474, 
0.294, 0.474, 
0.294, 0.474, 
0.294, 0.474, 
0.294, 0.474, 
0.294, 0.474, 
0.294, 0.474, 
0.294, 0.474, 
0.294, 0.474, 
0.294, 0.474, 
0.294, 0.474, 
0.294, 0.474, 
0.294, 0.474, 
0.294, 0.474, 
0.294, 0.474, 
0.294, 0.474, 
0.294, 0.474, 
0.294, 0.474, 
0.294, 0.474, 
0.294, 0.474, 
0.294, 0.474, 
0.294, 0.474, 
0.294, 0.474, 
0.294, 0.474, 
0.294, 0.474, 
0.294, 0.474, 
0.294, 0.474, 
0.294, 0.474, 
0.294, 0.474, 
0.294, 0.474, 
0.294, 0.474, 
0.294, 0.474, 
0.294, 0.474, 
0.294, 0.474, 
0.294, 0.474, 
0.294, 0.474, 
0.294, 0.474, 
0.294, 0.474, 
0.294, 0.474, 
0.294, 0.474, 
0.294, 0.474, 
0.294, 0.474, 
0.294, 0.474, 
0.294, 0.474, 
0.294, 0.474, 
0.294, 0.474, 
0.294, 0.474, 
0.294, 0.474, 
0.294, 0.474, 
0.294, 0.474, 
0.294, 0.474, 
0.294, 0.474, 
0.294, 0.474, 
0.294, 0.474, 
0.294, 0.474, 
0.294, 0.474, 
0.294, 0.474, 
0.294, 0.474, 
0.294, 0.474, 
0.294, 0.474, 
0.294, 0.474, 
0.294, 0.474, 
0.294, 0.474, 
0.294, 0.474, 
0.294, 0.474, 
0.294, 0.474, 
0.294, 0.474, 
0.294, 0.474, 
0.294, 0.474, 
0.294, 0.474, 
0.294, 0.474, 
0.294, 0.474, 
0.294, 0.474, 
0.294, 0.474, 
0.294, 0.474, 
0.294, 0.474, 
0.294, 0.474, 
0.294, 0.474, 
0.294, 0.474, 
0.294, 0.474, 
0.294, 0.474, 
0.294, 0.474, 
0.294, 0.474, 
0.294, 0.474, 
0.294, 0.474, 
0.294, 0.474, 
0.294, 0.474, 
0.294, 0.474, 
0.294, 0.474, 
0.294, 0.474, 
0.294, 0.474, 
0.294, 0.474, 
0.294, 0.474, 
0.294, 0.474, 
0.294, 0.474, 
0.294, 0.474, 
0.294, 0.474, 
0.294, 0.474, 
0.294, 0.474, 
0.294, 0.474, 
0.294, 0.474, 
0.294, 0.474, 
0.294, 0.474, 
0.294, 0.474, 
0.294, 0.474, 
0.294, 0.474, 
0.294, 0.474, 
0.294, 0.474, 
0.294, 0.474, 
0.294, 0.474, 
0.294, 0.474, 
0.294, 0.474, 
0.294, 0.474, 
0.294, 0.474, 
0.294, 0.474, 
0.294, 0.474, 
0.294, 0.474, 
0.294, 0.474, 
0.294, 0.474, 
0.294, 0.474, 
0.294, 0.474, 
0.294, 0.474, 
0.294, 0.474, 
0.294, 0.474, 
0.294, 0.474, 
0.294, 0.474, 
0.294, 0.474, 
0.294, 0.474, 
0.294, 0.474, 
0.294, 0.474, 
0.294, 0.474, 
0.294, 0.474, 
0.294, 0.474, 
0.294, 0.474, 
0.294, 0.474, 
0.294, 0.474, 
0.294, 0.474, 
0.294, 0.474, 
0.294, 0.474, 
0.294, 0.474, 
0.294, 0.474, 
0.294, 0.474, 
0.294, 0.474, 
0.294, 0.474, 
0.294, 0.474, 
0.294, 0.474, 
0.294, 0.474, 
0.294, 0.474, 
0.294, 0.474, 
0.294, 0.474, 
0.294, 0.474, 
0.294, 0.474, 
0.294, 0.474, 
0.294, 0.474, 
0.294, 0.474, 
0.294, 0.474, 
0.294, 0.474, 
0.294, 0.474, 
0.294, 0.474, 
0.294, 0.474, 
0.294, 0.474, 
0.294, 0.474, 
0.294, 0.474, 
0.294, 0.474, 
0.294, 0.474, 
0.294, 0.474, 
0.294, 0.474, 
0.294, 0.474, 
0.294, 0.474, 
0.294, 0.474, 
0.294, 0.474, 
0.294, 0.474, 
0.294, 0.474, 
0.294, 0.474, 
0.294, 0.474, 
0.294, 0.474, 
0.294, 0.474, 
0.294, 0.474, 
0.294, 0.474, 
0.294, 0.474, 
0.294, 0.474, 
0.294, 0.474, 
0.294, 0.474, 
0.294, 0.474, 
0.294, 0.474, 
0.294, 0.474, 
0.294, 0.474, 
0.294, 0.474, 
0.294, 0.474, 
0.294, 0.474, 
0.294, 0.474, 
0.294, 0.474, 
0.294, 0.474, 
0.294, 0.474, 
0.294, 0.474, 
0.294, 0.474, 
0.294, 0.474, 
0.294, 0.474, 
0.294, 0.474, 
0.294, 0.474, 
0.294, 0.474, 
0.294, 0.474, 
0.294, 0.474, 
0.294, 0.474, 
0.294, 0.474, 
0.294, 0.474, 
0.294, 0.474, 
0.294, 0.474, 
0.294, 0.474, 
0.294, 0.474, 
0.294, 0.474, 
0.294, 0.474, 
0.294, 0.474, 
0.294, 0.474, 
]);
